6
9
16
2
1
1
2
3
7
19
3
8
6
9
3
48
6
3
7
5
13
6
4
14
1
11
7
1
9
3
15
10
5
1
17
5
1
8
9
2
1
14
14
92
19
97
2
2
3
15
2
2
4
12
7
1
3
2
1
1
4
45
5
1
15
8
1
10
4
4
9
4
9
4
11
12
11
1
9
39
3
19
2
52
11
8
11
4
1
5
34
36
2
4
3
7
22
8
3
4
3
3
3
6
10
11
6
8
1
8
4
6
2
8
9
4
3
3
9
1
3
3
18
5
4
5
3
8
7
11
8
11
8
2
1
4
76
5
15
13
5
9
4
0
1
3
3
2
4
8
1
3
12
1
2
83
3
6
1
5
5
0
15
12
4
19
4
9
3
1
1
1
3
17
8
6
7
9
4
2
9
1
34
20
9
21
11
3
2
3
1
4
1
21
2
17
3
13
2
55
9
5
6
11
7
63
3
6
9
8
2
3
1
2
3
8
5
6
0
7
8
1
1
42
94
4
10
1
4
5
5
5
4
3
6
5
10
19
5
1
4
5
19
1
3
7
2
7
12
2
8
7
7
2
8
4
5
2
4
2
1
1
3
1
1
4
15
3
21
13
5
27
3
2
1
0
6
6
96
1
5
7
7
8
2
6
4
4
