2
1
2
8
1
2
5
5
10
11
11
1
0
2
2
1
0
7
6
6
15
3
7
4
27
4
17
4
19
6
4
3
1
0
9
0
19
5
3
2
17
13
11
1
3
11
0
11
6
4
5
12
5
7
10
19
7
6
5
6
13
8
20
4
4
0
3
0
3
9
0
5
14
6
12
5
2
0
9
3
7
3
2
9
9
50
12
3
13
7
12
2
7
4
4
2
5
8
3
3
3
2
5
9
3
7
6
2
8
3
8
2
79
5
11
8
3
8
3
5
1
7
8
5
1
5
0
6
4
13
7
7
3
2
6
3
2
7
3
5
14
3
23
2
3
9
6
3
1
6
8
3
59
15
6
10
13
0
15
11
5
14
46
4
2
1
3
2
3
14
17
64
3
2
64
8
8
8
2
3
1
8
2
11
11
4
4
2
7
10
6
20
8
98
1
0
3
5
9
5
1
8
5
1
5
0
11
11
9
3
5
1
3
13
1
9
24
5
11
3
8
20
2
8
1
35
6
30
3
13
3
3
25
3
32
1
4
8
2
0
28
48
7
3
5
8
1
12
12
1
1
11
1
1
3
2
7
8
7
10
2
2
11
5
2
6
3
19
4
6
3
2
7
4
3
6
11
2
3
11
24
6
6
7
11
2
2
6
