8
5
2
9
2
8
25
63
4
2
2
3
1
3
24
5
18
7
13
5
19
3
34
4
5
1
5
1
10
3
16
6
7
5
13
3
91
1
15
5
1
5
6
1
21
7
3
3
10
7
6
18
31
6
98
7
11
11
4
3
9
11
1
6
10
5
6
28
4
3
46
16
17
11
4
4
10
6
3
7
12
37
14
3
2
2
11
9
31
46
3
0
46
4
9
7
24
46
1
1
6
30
13
70
20
45
1
4
2
4
1
53
6
2
1
2
7
5
57
0
10
4
5
18
1
3
5
24
8
7
1
7
11
13
0
1
52
1
2
97
7
4
8
8
6
10
3
5
1
4
5
1
2
7
4
3
2
3
7
12
6
7
12
6
17
92
12
0
5
1
12
5
5
7
2
55
5
15
4
6
1
5
51
17
5
6
6
13
10
24
3
2
29
4
2
9
35
59
5
1
3
84
4
8
4
10
3
6
52
11
38
4
98
4
27
9
7
4
5
2
18
31
2
1
51
3
17
6
29
6
2
5
23
5
9
11
7
3
26
4
3
4
1
2
3
2
1
5
13
6
2
4
6
2
1
5
8
6
16
4
1
6
1
3
0
6
77
7
2
1
95
23
1
8
14
3
11
5
28
13
14
6
3
12
10
10
3
3
