4
2
3
0
0
1
0
17
5
3
8
14
6
38
2
1
4
3
3
6
8
8
10
3
3
2
4
5
3
3
7
4
2
10
2
8
5
2
5
3
8
0
2
7
0
2
0
58
2
18
10
9
15
6
16
0
13
15
75
2
4
3
4
10
3
82
40
25
11
25
12
7
1
8
3
6
2
7
1
3
3
2
2
1
3
8
3
6
3
2
6
6
4
2
3
6
8
98
6
8
7
2
7
4
4
9
3
2
11
2
3
1
2
6
5
1
13
4
0
0
7
6
3
3
6
8
8
9
5
12
6
6
22
2
3
5
6
3
6
8
85
1
1
5
1
3
5
1
2
1
3
1
3
8
0
2
14
17
4
4
4
2
1
5
0
22
2
1
8
59
12
0
1
2
6
0
2
11
2
8
55
6
1
4
8
10
4
3
7
1
11
7
2
6
68
11
2
94
6
35
3
2
92
6
5
6
6
64
8
5
3
47
5
1
10
5
66
1
7
2
58
1
2
6
50
6
13
5
7
14
5
36
11
1
37
0
6
15
7
10
0
5
8
25
2
5
6
20
4
1
48
4
2
2
0
11
15
6
7
12
11
1
5
20
3
2
7
14
2
15
4
36
7
6
9
8
11
10
10
10
2
15
5
13
5
13
42
40
