2
28
4
2
5
7
10
13
2
9
2
2
2
1
4
2
0
3
2
3
5
11
10
9
2
7
8
15
2
2
2
47
2
1
3
0
4
6
4
30
1
5
5
1
24
3
7
2
32
6
8
11
43
8
9
1
8
5
25
9
2
12
34
3
3
2
3
10
9
1
4
5
1
11
3
6
4
14
8
10
3
57
36
4
2
21
19
2
96
6
4
7
7
1
1
1
1
6
16
3
6
15
5
12
6
3
4
12
7
3
48
2
6
7
97
3
16
1
4
9
3
28
7
6
1
6
6
1
3
19
1
9
10
4
3
1
15
6
10
8
14
4
5
3
11
6
10
2
4
9
7
20
2
13
8
1
9
2
3
5
2
8
16
4
3
1
3
12
22
2
4
2
0
1
4
1
7
9
15
6
2
3
4
19
0
1
2
2
1
48
12
3
7
7
3
53
3
2
4
7
9
88
82
30
3
8
6
1
4
12
1
3
4
3
3
2
26
2
2
30
26
3
15
7
19
5
3
17
2
26
9
9
11
3
2
86
1
5
2
75
2
3
30
3
5
10
9
3
27
2
5
2
10
8
2
14
17
11
3
10
44
1
13
5
2
1
1
4
7
9
11
5
21
10
4
5
3
2
9
6
7
1
10
5
1
14
43
2
