11
7
3
1
4
4
7
11
2
6
12
6
2
15
3
6
4
10
11
3
19
7
13
2
22
20
8
1
1
5
2
1
3
12
4
0
13
7
3
9
0
16
1
2
6
13
7
2
4
3
5
5
3
14
19
5
1
4
6
2
3
3
4
7
3
9
9
2
9
5
33
37
23
5
6
17
9
97
4
5
23
12
5
6
1
1
9
11
2
12
4
2
2
1
6
99
50
15
10
2
1
16
3
20
2
5
7
3
9
0
3
10
0
2
8
11
5
9
3
11
5
2
0
2
8
7
15
9
6
2
3
12
11
3
2
6
4
3
8
4
1
2
6
6
2
1
0
27
11
14
2
5
2
11
3
1
7
2
4
3
1
5
17
5
2
9
7
1
3
1
4
1
57
1
4
2
4
46
3
9
2
7
2
17
8
13
10
0
2
7
8
3
1
15
1
5
3
7
8
1
11
6
13
1
0
40
10
54
24
6
2
12
9
7
5
1
34
8
10
1
6
17
3
2
61
39
2
16
0
6
2
1
10
6
5
6
5
1
40
9
48
4
2
2
3
1
21
2
3
0
2
35
4
8
2
5
5
6
6
5
98
4
3
10
10
5
15
4
17
5
7
3
1
2
17
5
14
8
12
6
55
7
5
3
8
4
2
2
