0
4
4
7
5
26
3
3
3
3
8
0
3
2
0
29
5
5
10
12
6
16
3
12
0
27
3
5
2
4
3
5
5
3
6
3
6
7
3
10
23
3
1
3
21
14
2
2
27
3
12
8
6
8
6
12
4
19
2
16
17
72
3
3
15
7
2
29
3
2
7
1
10
96
8
3
11
6
7
2
6
3
9
7
4
2
10
4
18
14
5
1
7
3
6
97
1
5
0
7
5
2
3
7
6
0
3
13
4
5
6
1
3
5
6
8
3
6
11
49
6
9
5
12
9
10
2
12
8
6
3
2
5
3
6
6
3
3
0
1
2
12
9
12
4
10
2
1
4
12
4
8
3
1
2
98
7
3
1
5
8
9
4
5
1
1
14
1
1
13
1
5
1
2
3
2
8
10
2
4
6
13
6
2
20
2
1
0
1
1
3
9
6
2
1
1
26
11
63
3
12
7
1
7
2
2
5
1
8
6
18
5
3
1
5
44
1
4
2
6
1
11
7
3
2
64
1
12
10
2
1
8
5
0
18
5
3
7
3
1
2
3
91
4
3
11
5
15
1
2
6
3
58
2
6
2
48
11
5
1
2
4
12
7
2
1
2
18
2
5
12
3
7
51
92
10
23
17
7
5
1
5
7
14
22
48
1
7
