1
13
27
2
2
2
3
2
8
5
23
2
0
6
5
11
11
2
7
4
3
18
20
8
5
1
2
13
10
7
2
3
4
5
7
10
13
8
9
2
8
5
2
1
11
2
3
4
81
10
4
5
13
6
6
7
12
14
5
3
5
1
5
2
6
12
18
6
20
10
24
7
3
98
3
5
2
8
15
12
8
9
5
7
17
11
4
2
5
10
1
0
6
1
11
7
97
2
6
35
8
4
6
25
9
3
6
11
3
12
4
6
23
2
6
13
17
1
7
3
28
13
15
5
2
4
11
6
0
13
1
34
3
6
29
2
6
0
8
3
13
6
9
4
10
3
2
13
25
1
10
1
8
7
2
2
5
7
6
2
1
4
1
11
2
28
2
1
13
2
5
9
0
12
1
4
5
4
3
18
11
61
1
1
2
12
13
1
2
5
2
3
2
1
2
7
6
15
2
2
5
4
2
2
44
11
2
6
9
7
11
5
3
7
2
3
5
10
9
8
2
6
7
5
3
1
4
5
5
35
41
1
5
1
26
6
14
0
9
11
5
9
12
7
11
7
7
4
17
5
20
2
7
10
2
20
1
5
12
7
16
3
5
2
2
1
11
2
1
10
2
18
8
2
11
5
7
3
6
4
2
5
9
8
6
2
10
5
