6
1
56
3
7
2
24
23
0
13
8
13
1
3
3
4
3
13
1
28
5
1
2
6
3
9
4
2
3
3
3
4
17
3
2
1
3
4
13
2
2
17
3
2
3
6
18
4
3
7
6
2
1
9
2
6
3
6
7
4
7
5
3
73
2
17
7
1
3
78
2
2
12
6
2
5
8
2
5
9
7
6
5
1
96
14
95
1
11
5
3
6
23
6
8
81
0
3
7
0
7
11
18
1
5
6
10
6
3
27
8
4
6
13
10
9
3
23
11
6
6
10
10
3
72
2
9
0
7
7
29
6
3
2
13
14
8
2
3
5
6
75
89
4
5
9
3
4
4
3
3
4
4
5
14
5
15
3
2
11
17
1
3
60
19
9
6
8
10
8
2
3
1
2
22
25
1
8
4
10
2
4
2
1
2
25
2
17
5
1
6
2
2
14
1
6
2
2
7
5
3
4
2
2
2
1
60
5
14
5
3
3
3
8
6
1
2
18
12
11
6
3
11
28
65
2
3
3
8
3
50
9
2
7
23
12
2
7
2
1
27
2
1
0
7
2
14
3
4
8
5
9
6
65
11
3
6
32
8
7
12
6
10
10
48
3
15
4
9
6
0
2
3
3
1
10
1
5
4
3
3
7
9
7
0
10
7
14
