16
10
11
43
8
40
2
10
9
9
0
8
3
6
10
10
22
0
3
11
10
2
2
1
2
5
13
7
25
4
10
11
16
5
4
36
1
6
5
1
6
4
3
14
7
9
4
11
3
9
1
6
1
3
2
6
1
2
31
3
3
12
1
2
7
2
1
69
5
1
21
4
12
5
2
1
1
14
12
3
3
6
20
12
5
4
3
1
45
11
7
3
3
11
1
7
7
9
1
7
10
6
2
19
4
4
4
14
4
10
3
1
4
7
20
2
1
6
10
4
8
3
4
9
6
13
6
19
13
8
12
3
21
9
3
6
2
13
98
3
27
4
7
2
62
17
34
94
3
2
13
13
1
4
6
1
15
54
1
53
3
16
5
4
7
6
26
26
10
1
49
3
28
8
4
9
3
5
6
3
9
23
1
6
9
3
3
2
46
5
14
10
8
7
5
7
8
1
53
7
2
20
21
1
11
46
12
5
49
9
3
1
7
24
11
29
21
24
3
2
1
6
5
5
5
7
9
5
1
13
17
31
4
4
7
5
11
59
2
1
1
8
8
3
3
4
1
35
2
1
2
11
2
2
16
56
4
2
3
3
1
29
16
3
0
1
4
27
1
5
6
10
13
14
5
2
3
1
1
2
2
12
14
2
1
8
8
1
