5
11
4
2
4
3
26
13
9
6
8
5
25
6
3
6
5
7
17
3
2
2
10
34
39
14
13
7
18
11
9
19
5
1
7
8
7
3
5
1
25
11
0
4
22
11
17
6
7
1
52
9
6
12
6
8
18
2
5
8
8
6
2
1
8
6
4
99
8
7
1
6
17
30
4
12
7
4
91
11
4
54
10
16
5
7
8
10
10
7
15
4
20
2
2
5
6
7
3
5
4
2
13
4
2
7
5
2
6
5
6
3
8
2
1
5
6
11
9
3
11
3
2
11
55
1
9
4
3
2
12
1
3
10
7
2
11
13
6
3
3
2
7
6
8
1
2
3
2
1
4
0
4
8
3
21
3
12
8
1
1
1
1
3
2
6
5
12
3
0
5
7
13
2
7
1
5
2
10
11
10
8
1
1
2
1
3
5
12
6
7
10
1
8
43
3
2
78
3
2
2
1
23
62
15
1
8
3
2
46
1
2
48
2
10
1
7
8
10
1
1
6
6
1
8
18
1
14
2
2
8
1
14
3
74
5
19
27
11
1
67
5
65
12
5
15
5
4
2
5
11
11
4
8
15
15
5
11
6
2
12
17
53
51
4
2
12
2
6
7
26
75
7
2
8
9
4
4
7
2
4
10
1
2
1
6
2
5
