23
3
37
1
6
12
14
6
16
5
2
4
13
3
6
2
4
14
6
5
3
2
3
2
4
3
12
11
13
6
2
0
3
12
12
17
2
4
2
2
12
4
56
4
2
1
2
5
3
6
6
21
0
3
13
7
18
4
6
1
1
1
4
5
3
3
1
12
2
5
2
4
2
11
3
19
2
13
17
1
81
14
54
6
12
6
11
2
58
2
3
14
4
1
15
2
12
5
2
1
12
4
87
10
1
4
5
6
6
0
3
1
3
3
5
2
4
3
4
13
0
14
0
1
5
2
7
6
6
3
6
12
6
0
9
17
4
12
1
3
5
13
7
6
6
14
5
0
1
3
46
97
17
3
0
4
5
3
6
5
2
20
50
0
9
6
15
5
1
8
16
11
2
1
2
5
0
1
64
10
13
25
12
3
2
1
2
9
13
8
2
2
18
3
1
2
37
6
5
15
8
4
2
2
2
2
2
3
5
5
7
15
1
5
4
3
43
9
8
5
6
5
26
2
1
11
11
5
1
3
26
11
3
13
3
5
3
9
1
4
3
2
49
7
31
3
1
9
11
3
13
8
11
8
5
8
7
7
8
13
2
5
1
9
8
2
8
4
32
18
2
1
12
5
5
3
3
0
1
9
6
9
2
1
4
5
14
2
