1
5
2
7
7
12
4
1
11
9
2
2
68
6
7
1
9
9
2
5
11
6
6
5
13
2
2
6
7
4
1
9
8
5
23
10
51
3
1
3
2
2
1
13
9
48
1
58
1
6
2
13
1
8
3
2
6
0
17
2
0
5
6
98
2
28
2
1
5
1
2
2
12
0
24
14
1
0
2
12
1
8
3
13
3
2
2
11
6
7
12
21
2
7
3
11
5
0
1
10
5
6
2
89
2
2
9
7
1
8
4
20
16
6
0
6
3
10
17
28
3
8
6
4
8
4
2
3
8
3
29
11
11
14
6
1
5
7
7
3
6
1
7
10
5
2
1
6
61
6
3
11
4
65
0
7
15
6
8
4
5
2
21
9
14
8
13
5
2
1
9
2
15
6
10
2
2
14
19
40
15
2
5
30
36
12
8
13
11
9
2
3
2
2
4
5
22
6
11
6
6
14
0
8
7
5
2
13
54
17
9
14
2
11
11
22
4
11
10
2
2
7
2
7
2
3
2
2
2
4
5
5
2
11
2
9
12
10
1
2
3
41
3
1
0
56
13
6
56
5
3
2
4
3
2
1
4
4
4
6
14
7
15
0
9
3
7
2
4
9
5
2
5
2
7
2
4
7
1
7
3
1
7
3
76
0
1
6
