40
19
9
0
46
6
12
5
6
0
0
15
1
3
1
4
3
5
4
6
1
2
3
2
5
12
3
2
3
4
4
4
2
3
6
6
4
15
4
6
4
5
38
2
0
6
6
5
4
20
3
4
2
2
3
8
8
54
2
5
3
2
10
5
3
1
3
1
3
8
16
9
5
3
8
1
2
0
0
4
0
1
14
8
1
2
10
0
2
10
4
6
2
1
19
12
8
2
10
5
37
7
7
13
6
98
5
4
6
2
3
7
6
3
33
3
3
2
4
9
11
5
14
6
0
7
9
5
29
22
4
17
2
12
7
1
0
1
3
14
4
1
2
3
0
12
7
3
1
9
1
5
5
28
1
10
2
2
2
7
0
2
2
1
5
6
57
6
7
8
8
1
10
6
7
18
6
3
2
4
41
41
7
2
1
24
3
2
7
5
4
2
1
10
2
5
3
4
4
2
10
2
2
82
3
4
8
2
6
5
2
20
1
7
10
4
87
5
2
2
1
6
11
11
1
7
4
7
3
2
3
1
7
4
10
2
1
4
13
2
3
8
7
13
8
31
12
3
12
8
0
5
11
3
5
5
4
2
6
6
12
1
5
27
4
5
2
3
1
17
5
0
52
1
5
1
14
3
2
2
50
12
7
8
4
4
2
18
