4
99
9
4
11
14
3
11
10
3
3
2
1
1
4
3
7
34
6
8
32
3
12
6
3
2
65
2
3
6
7
3
6
4
2
4
2
7
5
12
3
10
13
13
8
26
4
4
3
13
4
4
9
9
3
2
51
3
11
1
3
18
6
1
1
3
1
1
2
2
27
6
7
96
4
2
10
4
1
13
5
3
4
3
5
4
35
7
12
2
1
15
11
2
3
1
3
11
2
6
1
55
5
12
5
12
1
8
13
58
14
2
51
3
4
4
4
0
12
7
1
2
15
6
53
3
15
5
10
3
4
6
1
8
0
9
6
23
21
5
10
4
3
5
13
6
12
42
2
2
5
61
10
18
16
4
1
2
5
1
3
3
6
9
7
4
8
68
2
5
4
21
3
4
14
1
30
6
14
3
5
4
7
11
6
15
90
7
6
2
99
99
2
7
4
7
8
8
4
10
2
5
3
99
2
52
3
4
1
7
2
40
35
6
17
4
2
0
0
7
0
8
17
2
9
21
2
6
6
6
3
2
12
3
3
1
0
4
2
5
1
0
12
2
4
3
11
7
2
2
32
7
1
21
22
3
3
9
11
3
31
4
14
17
3
0
6
2
3
4
3
2
1
5
5
3
3
3
4
16
22
3
0
1
4
13
17
1
