8
3
2
3
5
3
6
6
2
7
6
9
3
18
7
97
2
3
7
7
7
2
17
32
3
10
14
3
3
25
14
5
6
1
3
21
10
2
1
2
95
48
2
3
3
4
3
2
32
7
6
8
1
4
4
29
3
3
0
8
1
9
1
2
11
4
4
39
8
11
5
3
9
15
9
7
3
2
1
3
4
96
6
11
3
4
7
6
10
11
8
4
1
6
6
21
3
3
2
10
25
27
2
8
8
7
4
98
13
10
1
2
6
0
16
14
1
10
6
5
4
12
8
1
1
7
3
5
16
14
3
9
19
4
5
60
6
8
14
11
8
94
10
1
7
5
6
4
2
5
7
3
3
6
40
10
8
4
42
7
3
9
6
9
99
12
0
5
15
0
12
1
1
93
6
10
2
10
3
1
12
2
24
87
7
74
6
1
2
4
10
9
2
80
6
7
3
5
6
2
4
4
6
12
8
52
1
2
10
2
5
22
4
5
51
15
4
10
7
13
1
55
5
2
15
11
5
4
44
3
11
10
83
4
2
4
2
1
1
4
1
1
51
11
62
55
1
23
13
3
8
20
2
17
33
3
13
2
4
6
12
9
9
1
9
3
9
6
3
3
1
8
2
1
7
14
12
9
1
3
3
7
12
2
1
21
10
8
