2
8
6
11
13
10
4
1
95
4
3
4
8
4
0
4
11
0
5
6
34
30
3
3
2
6
26
5
6
10
2
14
11
6
1
1
15
1
0
2
3
6
27
0
67
10
8
2
6
10
16
2
6
11
6
7
55
22
2
4
5
6
5
1
13
1
2
39
8
6
5
7
17
6
14
1
18
5
4
11
2
3
2
6
25
8
1
5
72
22
2
1
8
8
6
21
6
1
6
1
3
2
9
6
11
97
5
10
1
7
14
5
46
2
6
6
3
3
6
1
94
3
5
14
12
3
12
2
5
5
8
24
2
12
25
3
5
9
11
2
2
15
11
2
8
56
16
9
22
8
6
32
20
22
2
2
19
57
13
6
1
4
8
6
7
3
1
5
12
19
45
29
6
52
45
6
21
6
65
55
0
11
11
2
2
16
1
27
7
6
32
15
1
8
4
2
7
93
3
2
3
13
3
8
7
39
9
23
2
6
3
10
2
7
7
9
3
2
6
1
0
0
1
2
2
3
3
1
6
3
6
31
7
31
3
5
2
3
3
1
2
4
86
7
0
3
11
9
8
6
36
8
3
2
10
2
6
1
6
18
7
3
2
0
22
3
20
7
24
12
39
13
1
1
1
3
10
1
1
4
9
2
7
2
1
9
8
6
