5
3
7
2
2
6
2
3
7
2
20
3
11
9
12
11
6
2
2
4
3
16
3
3
11
2
2
6
4
4
9
12
9
4
12
12
13
2
9
12
2
2
4
12
2
11
3
22
14
6
2
1
7
15
2
8
1
3
11
1
63
4
2
16
15
3
7
6
11
10
3
11
4
2
6
11
1
4
6
2
1
5
1
3
2
12
2
2
5
8
2
2
2
11
10
16
2
4
11
18
2
4
3
4
2
15
1
4
3
5
1
14
6
3
1
27
3
3
2
9
4
7
7
1
2
4
9
14
5
5
17
6
8
3
3
2
7
6
7
14
11
0
19
8
8
4
7
7
1
1
2
9
58
1
2
6
5
2
2
10
1
2
3
61
10
1
48
1
24
80
3
6
47
10
5
7
13
31
5
9
13
2
5
13
2
11
5
2
2
19
46
59
94
2
13
1
5
5
3
3
3
2
3
8
10
17
5
3
3
4
18
1
1
0
10
1
5
12
1
97
36
1
3
4
2
2
8
50
6
7
41
11
11
3
14
6
7
7
22
14
8
11
5
20
1
4
4
14
3
12
1
6
60
11
11
12
6
5
8
4
1
8
7
65
1
13
11
9
3
6
7
60
30
5
1
2
7
3
5
25
36
2
6
93
3
8
1
4
