1
2
1
6
5
25
13
2
6
16
4
16
3
5
3
14
1
2
1
2
3
19
2
17
1
3
3
5
17
97
66
5
2
6
81
2
17
0
73
6
2
6
4
14
1
3
7
3
5
9
1
1
3
30
7
9
4
29
9
10
3
11
23
17
45
4
16
3
10
27
7
5
9
16
1
4
1
5
38
17
4
3
5
1
1
6
3
6
12
5
8
8
7
1
4
4
97
3
2
2
9
6
7
6
1
1
7
13
1
2
6
2
14
2
3
4
5
13
3
3
11
10
11
6
10
1
3
13
9
1
3
3
7
27
3
2
11
6
13
3
6
11
2
1
8
5
4
4
8
12
5
11
24
7
5
9
8
1
25
2
9
4
6
4
18
11
17
2
9
5
3
1
2
9
1
5
1
11
4
8
3
3
3
4
11
12
8
5
6
2
64
64
1
19
43
11
5
12
8
10
3
40
3
5
11
17
8
3
11
16
3
2
3
6
20
4
1
3
9
1
0
4
1
11
37
15
5
13
3
11
12
2
43
7
80
10
15
3
2
6
2
64
2
2
5
37
4
6
98
78
6
12
11
3
5
8
10
8
11
2
2
4
2
4
6
5
2
2
3
15
1
3
3
3
9
2
6
5
7
1
11
2
3
97
7
7
7
23
