76
6
5
3
3
0
1
22
2
15
5
27
1
12
0
4
6
41
29
2
6
35
3
39
7
3
24
2
5
2
24
7
7
3
6
9
12
3
6
3
3
7
5
3
2
10
52
1
22
8
1
8
3
5
16
5
8
6
1
1
3
5
2
1
1
6
11
2
1
31
1
7
2
1
2
3
2
7
5
6
2
1
1
9
9
8
79
3
93
10
8
28
31
11
5
4
2
1
3
7
15
1
2
6
7
18
7
3
2
1
9
11
5
6
18
2
5
5
1
5
6
2
3
8
11
21
14
6
3
2
3
11
5
18
45
8
10
6
7
5
5
1
1
6
8
8
6
3
7
7
3
7
15
4
60
11
7
7
26
1
13
4
0
5
8
8
7
6
3
7
4
8
2
11
59
3
6
3
3
6
17
5
2
9
9
4
4
2
29
6
32
13
1
2
36
3
8
21
4
12
2
8
8
2
1
5
3
6
5
2
8
12
19
1
4
3
11
2
3
2
21
3
7
3
6
8
1
2
42
44
5
22
83
3
27
3
1
3
1
9
4
3
3
13
3
2
3
1
16
6
8
4
6
3
4
5
12
6
8
1
6
54
3
1
7
5
1
3
46
15
2
8
3
2
5
4
8
4
4
5
7
5
2
6
8
4
2
10
