4
1
69
9
4
9
3
21
10
5
97
10
11
7
6
1
4
34
4
9
11
6
2
12
9
47
5
12
4
2
2
18
4
4
13
3
12
8
10
3
2
2
2
3
11
7
5
38
14
12
2
8
4
21
6
3
6
2
5
6
3
18
1
4
9
1
3
3
54
2
1
3
5
3
4
6
49
42
2
3
8
14
1
20
24
5
3
14
8
8
5
8
42
9
71
6
5
6
3
12
4
11
1
47
3
2
10
1
2
6
6
7
1
2
1
3
1
5
7
3
6
3
11
9
9
5
63
3
99
4
3
3
8
1
98
6
9
94
10
2
16
6
1
73
26
6
10
97
53
9
1
1
6
67
2
3
40
2
2
6
4
5
3
4
3
11
6
4
6
8
13
10
1
3
5
7
52
1
44
3
12
6
29
13
9
4
3
5
10
9
8
15
7
2
3
13
2
5
5
11
2
6
3
3
1
5
2
2
5
30
1
1
2
6
3
7
6
31
7
0
2
80
3
11
6
3
32
2
14
6
26
8
0
5
48
62
82
8
14
6
12
6
6
3
1
4
1
4
5
33
12
7
5
8
1
5
7
11
7
3
2
1
7
3
13
1
18
6
1
5
3
45
1
8
4
43
13
13
57
3
2
1
14
2
31
2
3
5
