28
1
2
12
7
3
4
4
4
5
4
5
40
3
0
6
3
7
10
9
10
0
7
68
43
49
1
3
3
3
3
4
66
3
3
8
1
8
24
4
19
8
11
2
1
2
15
13
8
3
10
12
4
4
3
31
1
3
10
13
9
34
3
23
4
75
12
13
4
41
5
1
13
6
11
4
9
96
92
58
10
3
2
1
10
9
6
83
3
10
2
3
15
5
10
3
12
4
1
7
95
2
2
10
3
11
10
1
4
24
21
1
7
7
20
6
6
3
3
1
60
11
5
97
5
7
7
11
61
5
1
2
3
3
12
1
0
5
13
1
13
3
5
13
4
3
2
1
7
19
1
8
8
5
79
7
2
6
6
10
0
16
11
18
3
3
10
2
3
1
3
24
3
5
6
14
10
6
7
2
1
4
10
3
12
15
3
3
7
1
4
9
3
11
2
12
7
5
4
4
42
53
27
5
2
5
48
6
2
4
34
4
20
57
10
81
4
56
3
2
21
0
13
86
3
3
5
4
7
10
9
3
4
6
5
5
6
8
6
2
18
5
5
5
4
6
1
9
9
12
3
3
3
10
7
2
1
2
3
11
4
11
13
8
4
13
9
5
12
8
3
1
3
12
33
3
29
26
5
7
1
9
5
4
2
5
2
7
