30
42
2
3
21
2
35
3
6
2
2
8
3
14
6
6
1
4
7
6
10
97
6
11
16
3
12
12
4
2
3
31
2
2
9
16
0
44
3
8
6
10
4
11
3
1
15
10
2
12
7
3
8
3
5
12
9
60
8
4
7
12
2
2
3
2
13
6
14
2
18
12
7
1
6
7
5
2
15
5
1
1
4
1
5
2
14
3
1
20
2
1
6
3
55
21
5
11
6
1
11
1
1
11
3
5
1
4
5
7
3
3
4
4
5
7
7
3
7
8
4
1
1
13
4
6
5
12
4
19
8
1
5
3
24
1
1
49
8
1
71
8
10
2
2
5
4
4
1
9
2
7
5
0
1
8
7
21
5
7
10
5
23
8
3
3
4
6
17
13
2
1
0
1
2
5
7
1
26
5
71
8
6
8
19
9
3
10
9
34
12
1
3
4
7
12
33
8
3
7
1
2
0
7
40
37
4
1
14
9
5
4
2
1
1
9
3
3
5
13
13
5
2
2
4
6
12
3
17
7
4
3
5
10
2
12
3
3
3
2
3
2
14
8
7
0
32
33
1
2
5
9
1
5
1
1
30
2
2
5
1
2
3
12
2
1
70
4
5
6
10
6
7
2
2
5
5
6
8
11
10
9
1
7
2
6
29
2
