5
9
30
5
5
4
4
11
4
9
13
5
1
13
3
12
5
3
4
4
2
10
6
66
2
5
1
1
7
12
10
2
1
3
1
3
7
2
13
1
3
1
8
1
18
2
6
7
12
2
2
1
55
1
4
2
1
13
11
2
7
2
12
1
7
8
5
1
2
2
2
1
57
2
2
14
21
1
2
16
1
1
2
2
8
5
3
6
9
8
21
17
12
2
4
4
55
9
14
3
2
3
7
17
4
16
1
15
9
0
3
2
8
2
0
8
8
0
7
8
4
2
10
4
4
1
8
10
19
1
6
15
7
8
9
6
3
14
3
10
0
4
1
4
3
5
20
4
5
6
2
76
9
11
3
7
22
3
5
3
2
5
6
2
41
1
7
6
13
4
1
12
7
2
1
2
3
6
25
2
3
6
40
3
3
1
23
2
4
5
1
9
4
97
5
9
5
5
5
38
7
5
3
10
7
1
11
2
8
1
4
1
21
4
39
6
2
3
7
9
16
1
2
11
5
2
3
11
10
26
4
4
6
8
6
12
7
4
2
1
1
4
6
54
1
7
7
9
58
1
2
2
8
4
2
6
6
2
1
9
2
9
3
1
5
1
3
11
2
7
27
1
5
1
0
1
3
5
6
8
6
5
3
3
11
6
0
1
