2
3
3
4
6
16
3
38
28
10
5
7
2
9
16
4
7
15
7
4
4
2
4
11
18
4
5
1
72
12
1
6
4
12
3
9
10
3
5
65
2
7
3
21
4
13
6
4
14
2
11
21
52
12
5
1
11
21
1
15
11
7
5
2
31
16
5
1
31
9
28
76
6
20
48
3
6
12
1
13
3
11
1
14
5
8
5
4
8
5
11
3
5
14
87
3
4
4
5
1
18
8
4
1
11
17
2
5
2
11
3
9
6
48
7
4
1
13
3
4
18
97
15
3
5
5
8
10
11
4
9
5
2
4
7
3
3
6
4
5
2
2
6
1
1
11
7
2
3
1
2
12
1
1
11
2
8
28
2
1
22
5
1
7
4
4
6
11
13
7
2
11
11
16
0
1
4
1
7
32
5
1
23
5
3
7
3
6
3
4
5
10
10
9
4
8
6
2
8
9
8
2
6
9
33
5
24
7
1
27
2
3
2
7
36
52
4
10
8
36
4
1
3
6
95
7
3
5
1
8
2
3
16
13
4
25
10
6
3
7
4
2
3
53
2
7
4
1
4
2
2
7
2
13
7
31
4
6
7
29
9
4
8
2
10
1
4
7
9
7
1
6
1
3
13
5
43
1
2
5
6
1
5
21
10
9
7
3
