0
58
2
6
1
6
4
7
1
8
20
0
10
5
15
2
4
42
7
0
12
1
13
23
4
1
30
2
29
13
7
9
11
7
0
2
3
1
7
7
9
4
11
31
11
5
72
5
5
1
66
2
15
11
19
1
1
11
8
0
25
4
2
4
2
72
9
3
11
58
1
1
13
5
5
13
7
5
51
1
2
7
12
1
5
3
9
2
7
8
13
2
12
3
6
3
0
20
6
3
2
5
7
6
2
2
5
2
14
2
2
4
13
2
2
2
4
6
8
15
12
9
7
2
4
3
11
92
6
8
38
2
9
18
6
17
29
8
3
1
4
5
2
3
32
19
13
0
9
5
6
9
12
98
8
3
4
5
14
4
5
6
6
14
4
1
1
4
49
44
42
37
29
25
26
6
7
5
9
2
13
6
1
5
54
1
18
2
10
7
3
4
1
5
2
5
2
11
7
2
3
3
6
2
2
7
6
3
5
54
2
4
6
14
5
6
3
3
13
11
1
2
5
11
3
2
52
47
3
17
44
5
14
5
3
11
9
18
13
2
53
34
0
1
2
1
2
4
7
5
48
1
2
4
12
2
5
6
26
2
4
2
4
26
27
25
25
2
48
1
26
0
3
3
5
0
54
0
8
3
67
2
3
10
8
58
2
3
