10
7
2
1
2
15
5
3
6
3
1
28
7
6
2
19
1
10
5
21
13
5
8
24
0
1
5
36
7
6
7
2
2
3
2
13
9
2
17
18
7
3
12
6
2
3
72
9
0
13
5
5
7
3
8
1
32
3
6
9
11
3
9
5
3
8
3
1
3
9
0
98
9
2
7
11
5
7
5
8
7
6
12
4
2
10
26
8
77
75
1
97
8
6
0
18
3
8
2
23
6
9
5
5
2
1
4
6
4
1
1
12
2
11
2
4
3
5
10
10
3
3
6
12
8
25
4
5
2
6
1
6
5
5
6
9
0
11
11
6
5
9
0
2
5
12
84
8
6
13
1
2
2
1
7
1
4
0
1
3
4
16
1
39
10
1
8
5
2
3
1
18
3
11
7
13
1
1
5
0
18
12
5
4
3
4
4
49
7
17
3
25
4
1
1
6
6
2
27
2
38
7
5
3
4
58
7
49
0
18
3
7
6
2
11
11
1
3
12
5
11
6
5
22
3
64
36
3
3
8
4
5
3
10
11
3
6
18
49
66
38
2
1
3
3
62
8
15
5
6
12
0
12
5
2
3
24
6
3
3
0
13
11
14
7
1
6
11
7
7
7
5
13
1
5
13
6
5
6
23
11
5
17
5
13
1
10
1
