12
2
19
10
3
19
44
5
4
15
3
2
10
9
1
25
36
9
47
3
1
3
4
8
3
37
3
2
4
1
5
1
1
18
5
9
3
2
17
17
3
5
2
3
11
12
3
8
17
1
3
6
7
3
5
9
36
3
15
3
3
4
4
4
4
3
5
6
1
14
2
28
3
2
19
4
0
3
38
1
1
4
5
2
2
1
30
5
6
11
3
3
3
19
11
1
96
7
1
6
7
5
1
1
2
9
7
11
4
1
2
11
7
1
3
6
1
70
11
3
0
5
30
4
6
7
5
3
12
64
55
3
98
9
2
3
43
0
2
28
7
16
12
13
3
0
10
0
57
9
9
3
4
6
1
3
3
1
3
1
16
4
5
21
35
1
14
3
3
21
9
6
5
7
20
6
14
16
6
1
6
92
7
5
4
5
6
7
5
6
23
11
6
4
4
10
64
2
9
11
6
4
5
4
2
8
44
8
4
2
14
1
3
11
7
6
39
3
8
95
2
5
14
3
28
5
14
7
4
9
0
25
4
7
3
7
13
15
10
9
5
2
4
7
4
98
7
1
1
3
5
0
1
6
3
87
6
0
3
3
5
7
3
1
10
1
38
9
31
19
3
1
2
4
1
1
10
4
11
45
3
8
26
3
4
4
3
4
