28
3
6
11
2
5
8
6
2
61
0
0
7
41
4
6
14
8
13
3
6
23
7
4
38
17
11
4
1
6
8
22
12
2
3
3
10
2
39
12
3
3
6
9
21
4
6
11
1
13
3
8
5
58
3
3
3
3
10
18
3
15
42
2
5
27
5
2
11
4
2
8
1
79
13
2
3
3
20
8
1
1
5
10
10
13
3
3
5
12
1
3
3
17
2
2
5
10
7
4
9
5
6
4
10
6
1
4
6
4
1
2
33
1
14
1
6
2
48
68
2
1
48
2
5
6
4
5
2
1
4
14
1
4
5
13
12
2
11
6
7
1
3
4
1
7
3
20
22
2
6
4
3
4
13
2
2
3
11
21
8
4
30
13
56
8
10
6
10
54
3
11
7
3
48
45
10
10
4
6
3
3
9
17
10
5
7
4
97
3
5
2
13
5
5
35
6
4
2
2
4
9
6
4
16
6
2
4
7
31
2
13
2
34
1
6
6
4
5
9
7
10
0
6
1
4
10
9
3
1
9
5
3
73
76
2
5
2
5
6
79
6
3
5
3
2
3
16
0
1
2
9
2
11
8
6
17
8
5
6
33
8
9
31
5
21
18
3
4
8
5
11
5
9
11
2
3
11
2
5
1
8
2
3
8
2
5
11
