4
1
3
9
17
6
6
2
2
9
0
3
5
7
10
6
2
2
1
1
4
8
0
7
11
3
4
9
4
2
7
3
3
2
12
6
2
11
4
2
6
1
7
4
5
0
4
8
5
5
4
6
1
1
4
57
2
2
0
22
1
3
8
0
6
8
2
2
9
4
10
54
6
13
1
7
2
8
1
8
1
2
12
1
0
1
13
54
11
7
1
2
2
72
3
6
12
6
7
5
14
0
2
4
1
0
10
2
9
5
20
5
0
2
5
6
2
14
5
16
0
7
11
0
1
84
19
14
3
9
10
3
5
3
7
3
11
5
0
2
4
8
78
4
31
11
3
17
4
1
6
2
8
5
4
9
2
2
3
28
4
88
2
2
0
19
2
15
11
4
31
11
5
7
5
34
2
1
16
3
2
2
8
1
0
2
12
5
7
6
11
2
1
1
47
8
4
1
0
2
8
3
6
9
19
7
11
12
31
18
1
1
3
5
97
14
1
3
4
4
1
90
2
17
16
14
98
4
6
1
2
1
1
5
11
1
12
7
2
7
1
52
3
0
6
5
4
3
4
6
10
3
2
56
15
5
10
2
7
3
5
2
1
8
1
3
16
2
1
9
2
1
4
9
9
32
10
27
2
0
3
5
5
10
5
2
2
2
