19
2
0
1
9
1
2
12
4
6
18
1
1
0
8
2
13
14
4
5
3
2
5
3
6
14
1
6
5
3
4
17
20
10
3
6
2
1
85
27
3
7
2
6
1
6
8
8
8
14
0
6
3
4
4
13
34
11
4
5
6
3
12
2
3
13
12
50
12
18
42
7
4
6
3
6
2
5
2
5
53
9
10
6
96
10
2
3
4
3
20
6
2
54
2
11
7
1
11
5
6
2
3
0
0
1
0
7
13
2
3
8
4
3
6
3
1
3
3
4
2
6
6
6
0
3
14
4
3
2
25
0
0
2
11
0
17
3
0
1
3
2
6
1
86
81
11
4
5
9
1
6
6
4
1
8
25
56
5
25
11
12
4
9
6
10
10
0
2
3
1
1
1
6
16
5
2
13
2
1
2
41
24
27
3
3
2
1
4
23
15
8
11
2
1
13
16
1
7
5
20
11
8
3
29
5
5
8
3
2
8
15
7
5
8
12
1
26
26
2
2
6
17
2
10
7
7
1
6
1
5
2
51
1
20
2
2
1
9
27
2
9
7
6
3
9
2
17
11
3
2
7
4
3
3
11
6
7
8
7
2
4
11
8
6
7
36
13
6
11
11
11
2
2
7
3
11
2
10
1
1
13
7
10
3
3
2
10
