2
3
2
53
3
29
2
4
10
2
12
6
7
5
8
8
2
9
5
12
4
2
3
2
3
11
24
1
5
5
17
30
3
4
15
3
27
9
2
49
3
3
9
3
13
11
5
11
1
1
3
2
2
8
15
16
12
7
1
22
2
1
4
1
1
1
6
6
0
12
3
4
1
13
5
50
7
3
15
15
1
10
10
8
6
9
3
0
18
16
1
23
6
2
4
11
7
3
3
5
6
4
6
4
5
8
4
5
29
8
6
2
3
2
2
1
2
1
1
6
4
9
3
0
4
17
13
3
4
11
6
0
2
0
10
2
7
1
8
6
14
2
4
2
88
6
36
2
2
7
5
57
8
2
2
31
0
1
9
1
12
23
2
4
8
1
7
6
7
5
2
0
27
4
2
12
3
7
10
2
11
3
1
15
5
3
1
29
6
6
5
26
8
67
1
2
4
2
1
20
5
2
8
41
19
15
4
2
1
4
3
3
0
11
8
37
14
62
10
58
2
5
0
17
4
4
0
6
7
9
5
7
6
9
3
1
5
19
0
3
4
19
0
4
3
8
1
11
5
26
3
5
7
1
7
7
12
6
1
2
3
9
10
5
5
12
10
1
0
7
8
5
0
4
12
15
2
5
6
8
5
2
4
5
4
5
6
10
