6
2
50
17
7
50
1
14
15
15
65
3
15
1
1
0
4
25
5
23
3
5
2
1
30
53
14
4
4
12
5
40
1
4
1
15
2
1
3
6
1
6
23
56
3
1
8
4
4
6
5
2
2
38
54
8
5
5
2
1
3
2
7
3
3
8
15
1
8
2
3
11
9
4
6
52
1
6
6
8
3
2
3
5
13
3
0
2
4
6
3
3
2
3
3
3
2
3
3
4
2
5
6
20
11
11
11
1
13
5
8
6
8
7
28
8
3
3
8
7
4
8
1
4
55
11
4
4
10
5
4
16
55
67
44
4
1
7
6
8
1
2
1
14
7
7
1
4
6
5
1
3
7
6
3
3
14
3
11
2
6
3
2
5
1
3
6
7
2
26
4
1
1
0
3
3
0
1
3
8
1
1
5
7
7
7
3
1
2
0
5
16
6
6
7
5
2
7
4
2
6
5
1
1
7
6
1
1
11
2
1
57
2
2
6
47
11
2
8
25
1
3
1
1
8
7
10
7
5
3
1
3
9
6
8
30
3
2
10
10
3
5
13
5
1
1
3
5
0
5
5
8
15
1
7
2
57
12
9
83
0
7
2
2
5
1
1
4
14
5
5
2
2
54
3
9
2
55
6
4
6
10
54
7
7
67
0
6
