9
7
9
14
2
7
9
16
13
4
13
65
0
2
10
10
39
2
7
3
6
7
0
2
5
3
10
2
8
3
0
29
13
16
7
7
11
8
6
4
3
13
12
5
7
5
15
6
2
7
4
2
11
0
2
25
12
3
1
3
10
3
1
3
11
2
4
8
11
10
8
52
16
19
11
1
4
14
8
1
53
2
17
5
8
3
1
3
3
5
8
4
68
10
2
18
2
18
6
7
6
8
16
6
5
7
0
10
15
4
2
5
1
1
8
12
9
18
21
1
55
1
1
10
32
2
12
1
3
2
1
4
3
1
3
7
4
1
2
5
4
6
3
35
13
5
4
0
5
5
3
10
15
34
3
7
2
5
2
7
2
2
3
1
6
5
97
9
8
26
22
2
3
3
26
0
4
7
5
2
22
5
1
4
18
1
4
1
2
7
5
12
6
1
4
14
51
17
3
92
43
5
61
3
3
1
2
7
4
5
5
16
12
13
5
5
55
1
10
4
3
0
5
6
9
12
5
19
7
12
50
3
61
4
2
48
10
3
1
5
5
35
7
3
1
35
2
8
8
26
2
8
26
7
2
7
6
9
4
1
5
1
3
6
14
8
1
4
2
4
12
3
7
35
6
2
3
9
4
59
9
3
4
2
1
10
2
3
