7
0
7
66
17
4
6
6
2
0
14
12
17
4
12
3
26
9
1
7
5
3
3
7
10
68
95
6
7
5
45
12
8
2
10
2
2
3
3
0
17
6
14
1
4
5
33
8
1
2
6
5
9
1
6
6
4
1
11
6
12
4
7
4
3
11
2
5
1
13
4
1
9
2
20
1
8
8
43
5
7
12
2
3
2
5
3
14
4
3
4
5
5
4
4
6
11
4
19
2
10
4
3
85
7
9
25
2
1
5
7
5
19
6
53
19
9
2
0
11
50
17
14
3
26
10
5
1
17
6
3
4
6
2
6
4
7
5
13
12
20
2
0
43
1
4
20
17
2
4
8
3
8
6
6
6
51
6
7
2
11
5
3
4
2
4
11
3
24
6
8
9
53
2
7
7
9
7
5
12
3
26
5
12
8
2
9
38
2
6
10
15
4
7
17
17
11
7
3
59
54
21
38
8
11
2
5
5
4
2
9
7
2
7
9
1
16
52
2
4
4
4
1
48
43
3
14
5
4
5
45
21
9
2
3
1
7
5
7
3
2
52
1
5
4
2
6
13
6
11
4
3
5
96
2
1
3
9
1
5
13
7
3
3
3
3
4
3
6
29
7
14
1
10
1
3
7
4
16
24
1
5
3
8
2
25
5
23
