16
5
10
6
97
10
6
1
3
8
3
1
20
12
1
12
9
2
5
12
11
43
3
7
4
8
3
6
6
97
7
7
12
9
7
11
3
3
5
21
9
23
2
2
8
5
5
6
11
1
1
6
5
2
67
2
6
10
9
1
2
7
6
88
25
11
8
7
5
44
8
7
2
6
4
67
3
2
12
24
5
2
7
4
5
1
7
5
5
64
10
4
60
3
2
6
5
7
96
3
5
2
5
3
48
4
4
5
1
1
4
6
36
50
10
9
8
5
6
9
9
8
10
7
4
1
6
16
2
10
98
1
10
4
2
1
3
7
2
49
2
8
5
9
6
1
6
17
6
10
3
2
58
3
4
1
1
6
2
40
5
2
5
0
54
23
3
2
53
1
4
14
6
18
3
38
3
4
14
4
6
6
2
2
24
6
28
3
4
6
8
37
6
7
1
4
93
42
8
34
7
3
3
2
1
2
3
16
6
13
86
4
5
21
2
3
2
1
15
9
5
2
32
2
2
3
43
10
1
3
2
9
85
6
6
3
6
6
4
7
2
5
2
12
2
14
4
2
7
16
32
4
6
7
3
2
7
8
30
4
7
3
1
3
1
14
8
10
9
17
7
3
5
1
3
11
11
1
9
2
2
44
4
3
2
12
1
4
