33
3
77
7
50
42
2
9
11
2
4
3
2
43
5
1
6
3
4
4
97
41
9
5
5
19
37
7
1
46
2
23
7
20
5
36
42
9
23
1
3
5
9
2
6
13
0
44
9
30
7
2
8
12
13
29
25
5
2
8
3
2
2
55
0
7
1
85
7
3
31
3
13
3
15
4
5
4
1
1
2
3
5
4
9
7
11
2
2
3
1
2
21
4
3
10
2
10
4
1
12
4
48
7
7
1
3
9
13
17
17
11
5
1
5
5
10
3
1
5
1
97
60
7
5
4
9
1
9
3
3
7
17
24
48
6
19
6
3
6
2
2
2
6
17
85
93
2
22
2
6
12
7
3
2
5
13
15
3
2
11
12
5
5
4
7
7
5
4
2
1
5
1
2
4
6
6
5
1
22
3
7
7
17
8
13
2
7
7
8
1
1
7
59
4
13
6
2
1
3
1
7
3
98
11
2
3
12
2
4
7
3
13
10
5
3
3
7
11
1
1
6
4
2
6
14
4
5
4
4
4
2
4
3
42
7
4
42
5
8
6
33
3
16
11
1
12
7
5
21
2
6
9
40
1
3
1
6
29
5
15
1
1
1
10
4
5
3
6
1
8
46
6
5
9
2
3
1
0
5
6
4
11
11
7
7
3
11
