5
95
10
1
2
1
8
5
9
8
10
3
2
19
5
13
8
5
5
1
96
14
8
7
3
4
49
2
11
0
66
1
3
3
15
13
4
4
10
4
4
10
3
4
3
14
46
3
8
6
4
1
7
2
3
28
3
9
36
9
4
3
6
2
7
8
6
49
18
3
3
8
12
2
1
5
2
12
1
3
7
13
5
5
3
0
3
0
5
91
3
3
11
11
1
2
4
12
1
8
3
54
5
3
2
9
7
4
2
4
37
26
9
3
2
9
6
0
15
7
3
4
4
3
12
4
1
92
4
8
3
0
2
3
19
0
6
53
11
56
13
5
7
11
12
10
3
28
1
3
2
14
1
2
3
1
5
19
11
4
6
1
2
1
46
2
8
2
4
6
19
3
4
13
6
2
2
6
8
1
8
3
4
8
3
6
0
2
10
14
0
6
2
8
12
11
5
15
2
13
11
1
40
4
7
55
1
5
8
2
1
13
38
4
0
2
1
3
2
11
5
2
4
5
5
2
10
15
2
7
12
8
12
54
2
1
1
8
8
5
6
32
12
4
0
5
2
2
5
61
2
3
6
3
8
6
1
3
12
5
1
11
6
6
69
4
38
2
4
5
42
7
3
2
5
8
3
7
12
3
1
1
5
2
1
2
6
8
