3
37
6
2
3
10
7
21
3
11
11
3
2
4
8
13
98
1
46
7
5
49
1
23
34
2
13
10
15
8
4
27
3
28
55
44
9
5
6
11
4
4
7
10
11
7
24
7
23
3
4
7
2
5
2
8
9
3
1
5
1
2
7
4
6
5
2
42
9
5
3
7
1
1
6
22
10
1
9
47
3
4
8
2
5
30
5
3
10
7
9
1
6
21
5
70
1
31
3
6
24
48
5
5
16
7
2
1
1
2
32
4
10
5
13
10
3
5
4
2
99
2
96
8
3
11
2
3
4
3
1
98
1
8
1
8
13
6
1
86
12
9
3
17
8
31
1
30
1
10
7
6
5
1
4
3
1
3
18
5
14
43
6
12
11
10
11
6
7
3
5
6
4
3
6
7
9
2
3
6
1
1
2
13
50
2
4
3
4
5
5
54
37
4
0
3
3
2
2
13
7
10
5
7
89
11
4
5
1
2
5
1
2
4
3
11
1
6
4
12
3
2
9
1
19
7
16
2
3
6
9
8
64
1
18
11
8
12
7
3
4
1
10
0
27
21
7
6
18
9
2
14
10
12
32
2
2
3
2
6
3
14
1
3
1
8
4
4
2
3
1
11
1
5
6
7
10
23
2
6
2
1
14
1
12
90
2
2
