2
8
3
5
13
10
10
37
4
0
8
2
2
67
5
37
8
3
5
15
33
12
3
3
6
4
2
33
1
7
25
6
4
1
18
3
2
6
4
2
23
25
6
26
4
3
2
5
94
3
7
3
8
15
33
5
5
3
50
11
29
3
10
2
4
12
3
4
12
6
4
26
4
2
12
28
12
8
6
27
50
17
1
39
0
3
13
1
3
17
10
10
7
4
11
9
9
3
2
6
93
1
12
5
11
1
1
3
5
0
5
14
71
4
6
21
12
8
5
23
6
1
9
11
7
20
5
5
1
4
9
1
32
3
3
4
13
8
12
60
61
7
2
5
3
3
13
11
1
7
2
6
20
64
3
3
3
2
6
25
3
5
1
1
1
0
5
5
10
3
1
7
4
17
6
1
5
1
5
1
5
99
0
6
3
3
5
1
2
1
6
1
10
8
1
5
1
11
14
5
2
36
9
16
52
2
6
2
9
2
5
0
4
43
10
12
7
4
4
16
4
4
51
6
8
1
2
2
2
5
6
1
4
4
9
7
7
8
12
6
6
3
3
3
9
7
5
7
42
16
2
3
1
3
3
0
9
12
3
4
8
0
1
1
3
2
7
3
13
3
4
4
13
5
2
2
17
7
2
6
3
3
15
62
9
2
1
29
