9
1
1
2
1
8
2
23
7
6
3
7
1
3
12
4
0
2
1
2
1
2
10
48
7
4
3
1
11
8
12
9
2
2
7
2
11
6
4
5
11
7
4
2
13
6
2
1
6
4
11
1
2
6
16
7
7
5
3
19
1
13
12
13
11
2
8
18
3
2
3
1
7
21
2
8
8
12
1
60
1
9
0
4
2
1
7
2
13
8
6
21
60
4
0
9
4
8
4
4
4
7
7
7
14
3
2
3
1
8
13
10
2
4
0
2
8
14
6
5
11
3
53
18
1
6
3
4
10
24
0
11
54
3
3
5
36
3
6
10
4
6
4
5
13
6
12
1
9
1
16
61
12
3
13
3
3
4
36
9
12
10
89
4
7
4
1
12
5
2
8
47
10
8
2
3
3
4
4
1
4
30
14
2
1
14
1
7
5
8
6
23
1
7
32
18
4
11
19
2
27
3
3
3
6
2
90
4
7
1
7
8
2
8
5
15
3
5
13
8
12
13
9
1
10
5
1
2
13
7
7
2
10
23
16
8
5
2
96
4
42
11
4
6
4
17
4
5
13
21
7
78
4
2
2
11
1
2
2
12
2
1
0
2
5
7
0
4
2
72
5
1
3
9
12
2
14
15
0
6
1
15
7
1
2
1
2
2
