6
50
5
2
11
38
12
2
10
2
5
7
0
11
2
28
11
3
12
8
3
3
5
14
7
11
5
6
3
6
2
4
13
10
20
47
12
5
8
1
68
5
5
0
2
3
10
16
2
12
2
4
2
5
6
6
1
4
13
7
9
4
3
0
3
26
8
4
26
1
10
13
6
2
31
42
6
2
82
2
11
6
29
3
2
39
7
5
3
3
3
3
5
10
1
11
7
3
5
4
6
5
3
1
5
2
5
5
1
1
53
5
2
22
13
2
6
3
1
1
11
7
42
3
5
36
3
4
5
6
1
19
52
1
6
12
9
2
12
99
1
6
2
61
20
1
7
2
12
7
32
11
2
1
3
4
4
25
16
7
4
1
3
2
4
6
6
12
6
7
9
1
7
3
5
15
3
11
7
5
10
2
4
5
3
5
5
8
18
2
12
77
7
19
1
1
52
50
1
0
21
7
5
9
59
4
12
5
5
5
1
2
1
5
3
38
3
5
5
10
6
5
27
9
1
16
6
2
8
22
5
2
3
52
7
12
4
10
45
2
2
5
31
2
13
6
7
1
11
16
87
6
11
12
5
26
5
29
11
13
2
3
3
7
5
6
16
5
8
4
6
27
1
5
6
30
2
11
1
4
3
4
35
8
10
27
12
3
