1
4
6
1
7
16
9
4
3
97
7
1
5
9
13
3
3
4
3
10
6
4
14
11
9
14
3
7
5
98
3
6
18
14
9
6
4
8
13
1
8
1
4
1
8
4
5
5
29
3
1
6
14
6
5
3
8
5
18
10
46
6
1
11
3
1
3
14
5
2
3
6
5
22
5
1
9
2
3
9
6
6
2
2
8
4
5
2
1
2
0
4
93
35
2
35
4
6
17
1
6
1
1
2
2
6
27
9
11
2
3
1
5
31
2
5
7
7
2
12
4
5
15
2
43
53
11
10
33
10
7
4
1
7
2
6
9
2
10
31
2
12
11
3
2
3
2
56
4
6
6
11
11
1
2
5
6
8
3
20
0
20
7
9
4
21
8
3
15
3
4
1
21
14
3
8
7
11
85
5
3
5
87
21
27
0
3
9
73
11
5
2
5
5
6
2
33
37
16
2
5
2
3
16
36
7
5
6
24
4
6
1
6
96
20
6
2
2
5
2
4
59
20
23
27
8
7
8
5
41
2
15
3
0
4
74
0
2
14
1
12
18
45
7
26
2
9
16
2
16
8
6
3
82
1
1
11
2
6
10
3
2
37
1
5
1
53
2
1
1
2
8
19
4
5
3
1
5
2
22
15
12
4
7
7
14
3
5
