4
11
5
4
1
49
9
6
40
12
16
6
1
19
1
9
1
38
20
1
4
10
1
25
5
16
2
9
10
1
2
6
9
8
3
1
68
9
9
4
5
14
1
3
2
4
2
3
23
3
21
2
11
2
2
12
2
2
7
13
9
16
7
1
36
1
42
50
8
3
1
3
15
13
9
6
9
6
3
4
10
4
4
31
12
19
15
5
2
13
7
11
32
5
10
1
7
5
3
5
3
3
10
1
1
4
11
10
9
17
2
2
6
8
2
3
10
15
7
8
14
4
9
2
4
11
1
41
1
24
3
1
4
4
7
10
1
3
6
13
2
7
2
15
2
5
5
8
6
2
7
3
7
5
4
5
23
1
7
48
8
11
7
6
2
1
0
3
3
2
5
21
44
3
5
1
8
3
12
45
26
3
0
0
4
13
3
23
3
7
1
6
8
25
8
4
4
4
5
12
4
1
3
2
1
3
34
2
3
4
0
11
6
1
5
30
3
7
3
2
9
4
8
4
5
6
5
2
5
8
7
3
1
1
4
2
2
10
77
3
17
3
1
1
12
3
54
2
12
3
1
2
2
1
11
12
29
10
5
8
1
7
2
5
7
5
15
11
1
16
10
3
11
2
3
7
7
3
1
2
28
1
4
4
1
2
3
6
