10
2
13
3
3
1
8
19
6
2
5
3
7
2
6
3
4
1
3
3
17
3
11
2
1
2
2
2
8
3
5
5
3
6
2
5
10
4
0
9
5
0
7
5
19
6
15
1
1
8
7
1
10
12
7
4
13
5
19
26
6
4
6
22
5
3
5
2
9
6
1
17
99
1
1
11
6
12
10
5
12
6
6
2
18
0
17
2
2
12
7
7
7
3
4
4
1
6
6
6
3
2
4
12
1
11
25
4
41
6
6
10
12
5
3
4
8
28
3
2
3
11
10
2
4
75
8
7
2
5
3
1
31
8
14
70
2
2
5
6
13
2
0
0
1
4
13
3
16
10
3
7
6
11
1
6
12
12
2
1
1
4
4
14
26
1
3
5
1
15
24
60
64
8
2
1
12
0
5
10
3
1
1
2
1
1
9
25
2
4
0
4
1
3
15
11
2
9
5
6
1
15
0
12
13
2
0
47
20
14
32
3
1
1
3
10
3
1
9
2
1
5
5
1
16
3
7
3
5
5
7
12
3
8
6
14
3
24
8
2
6
9
9
10
2
10
25
1
6
6
8
8
13
4
9
3
3
9
12
2
5
1
3
3
6
12
11
41
3
4
10
49
3
1
3
10
6
7
5
10
33
1
12
5
10
8
6
14
