6
2
7
19
12
2
0
6
13
2
3
3
12
2
9
12
3
5
7
2
3
6
5
4
14
16
2
1
1
1
7
9
2
10
4
2
12
6
9
6
23
12
6
7
2
6
11
4
8
1
15
2
4
3
2
14
5
20
2
1
17
8
9
1
1
17
17
2
2
51
5
3
20
7
16
2
11
10
3
50
2
2
8
2
4
2
9
13
2
2
7
1
11
4
5
7
11
5
2
2
11
1
24
3
3
3
8
3
2
3
0
12
2
9
6
1
1
11
10
12
12
3
1
14
4
6
1
6
13
1
10
9
5
11
3
9
6
20
14
2
11
1
4
3
6
6
2
2
5
16
2
3
9
13
5
3
7
8
15
3
8
3
1
5
1
3
2
2
5
4
20
9
3
2
2
21
3
2
11
2
2
6
4
17
5
3
28
2
2
1
12
22
2
58
1
0
1
1
7
12
56
1
6
3
5
1
2
0
3
1
5
1
1
0
16
19
14
1
2
2
26
13
6
2
11
1
11
5
11
2
6
16
4
21
1
2
8
5
5
3
85
4
19
2
19
1
5
1
7
9
8
11
1
58
7
12
52
8
6
1
10
5
6
4
1
6
1
1
8
7
3
12
5
96
6
1
47
11
1
5
6
7
32
17
11
6
2
4
