2
3
4
3
5
6
6
2
6
9
3
4
25
2
3
3
1
11
13
5
12
5
6
3
8
18
31
7
8
3
2
5
8
5
1
5
2
4
14
32
13
94
1
6
43
11
3
4
7
14
8
16
10
3
0
3
9
44
1
9
3
5
7
8
1
1
3
94
22
9
2
7
0
13
4
4
4
2
6
3
2
40
6
7
3
93
17
4
27
12
6
3
11
5
2
3
10
5
2
1
7
15
14
16
4
8
7
7
29
9
7
55
1
5
87
5
5
3
1
4
7
7
3
8
71
10
5
1
3
13
12
24
27
1
9
10
4
3
7
12
89
1
99
3
13
1
10
9
4
5
6
6
54
8
7
10
10
1
3
6
4
12
3
45
30
3
4
21
8
15
12
2
26
4
4
5
6
28
45
2
58
1
2
10
7
4
6
8
7
9
4
6
9
1
33
5
8
41
2
3
20
5
9
4
4
85
28
8
13
8
9
39
21
3
1
11
11
14
27
7
2
2
1
2
17
2
21
52
2
21
19
4
1
2
9
6
5
2
9
6
6
5
8
7
9
52
23
13
8
6
1
6
5
11
9
3
10
8
8
3
9
3
14
12
13
4
6
5
1
30
3
30
3
4
2
4
30
4
11
2
4
6
13
6
30
3
3
13
