0
2
10
2
5
13
0
5
11
24
2
12
5
27
17
18
3
2
7
2
6
3
3
4
13
3
3
1
5
2
19
13
24
6
10
17
66
1
14
1
7
1
6
7
4
96
7
5
13
2
6
6
12
11
2
12
1
19
8
13
3
25
12
4
9
5
3
7
6
7
5
3
3
0
68
6
10
10
2
5
3
6
6
5
0
2
11
5
15
1
2
5
6
2
1
2
7
2
3
3
5
3
8
6
2
7
1
2
6
13
2
3
10
2
3
12
0
5
8
3
9
18
7
1
0
3
5
6
1
5
1
29
9
7
13
17
5
4
6
12
3
5
2
5
10
1
6
6
12
7
13
12
5
7
3
7
8
3
15
50
8
8
1
1
15
34
2
2
2
3
13
2
16
22
44
3
1
5
1
2
12
25
1
6
42
3
6
2
17
1
2
6
14
3
2
8
5
2
1
4
8
40
1
4
1
5
17
1
5
3
3
11
36
10
3
7
2
6
1
11
6
5
11
0
4
15
2
1
4
20
5
20
8
4
4
10
9
39
8
4
12
5
8
1
5
3
2
1
6
5
10
5
38
2
6
9
3
9
14
5
5
5
3
0
5
75
5
5
6
11
3
5
14
7
4
5
2
7
20
6
5
7
3
1
40
7
22
3
