11
1
2
16
23
9
0
3
1
3
5
1
1
2
1
3
3
5
2
2
5
9
1
16
4
5
8
2
37
8
2
5
18
12
8
4
1
7
7
5
4
3
5
4
2
2
2
1
6
0
7
2
2
5
3
1
5
39
3
1
25
12
4
5
12
3
38
2
1
14
5
8
13
8
8
96
1
3
92
7
15
8
16
9
49
55
3
18
5
12
44
5
4
3
11
1
7
6
1
0
4
22
2
8
6
5
6
7
7
23
14
3
0
8
3
1
12
11
6
6
2
3
9
28
2
7
12
4
6
6
20
4
4
36
7
13
2
7
3
64
2
1
18
3
4
5
5
11
1
4
4
3
3
3
4
0
13
3
2
3
6
12
2
11
11
1
2
4
1
9
1
4
2
29
1
2
2
2
2
5
5
2
12
3
1
40
1
10
11
22
1
8
0
8
4
20
3
8
12
2
2
3
1
4
5
10
5
6
9
2
5
38
3
7
3
48
7
13
7
42
7
2
3
10
8
9
11
11
18
84
49
6
0
59
1
16
8
15
4
8
4
1
2
15
5
2
5
3
5
1
3
1
6
3
1
7
7
5
14
8
5
51
2
11
7
7
10
9
5
8
7
11
14
3
4
11
15
5
2
4
3
7
3
13
12
7
4
8
