39
6
3
2
2
4
3
3
22
3
31
5
3
2
5
9
32
2
22
7
4
52
4
5
3
7
5
5
9
9
3
1
1
0
3
4
7
9
1
1
2
2
5
2
7
6
2
8
27
32
40
6
13
4
36
8
14
3
6
10
6
27
11
9
4
2
5
6
3
6
18
4
17
10
1
6
26
2
3
8
0
1
25
5
16
11
9
0
1
18
30
1
0
11
2
1
0
2
10
46
11
47
12
6
1
8
1
1
3
6
5
4
3
0
1
14
7
1
25
5
7
4
41
10
32
7
10
10
9
0
12
35
1
7
4
17
3
6
1
11
13
6
0
72
3
13
13
53
4
7
4
1
2
1
4
3
2
5
19
2
1
0
4
12
0
8
5
7
10
14
2
11
3
2
1
7
24
1
3
5
7
14
2
4
7
99
16
4
6
10
5
6
2
99
8
15
6
2
0
7
11
7
9
12
11
5
5
2
1
7
36
1
4
34
9
4
3
2
99
28
2
4
8
12
3
10
1
5
4
12
10
2
12
21
3
7
3
4
9
33
6
3
6
5
11
7
15
19
27
8
1
10
7
3
1
5
12
9
15
8
30
2
8
7
10
2
4
5
1
27
39
9
8
3
3
1
4
2
4
13
4
1
7
24
6
19
1
87
