2
13
9
1
30
2
10
3
0
3
5
18
2
13
2
3
2
1
2
23
11
11
3
16
7
2
5
1
10
1
1
2
5
3
4
6
12
3
1
2
10
11
23
1
12
63
15
1
4
11
18
7
1
4
12
7
41
56
4
3
12
8
2
9
6
14
4
3
2
3
3
2
3
49
7
13
25
7
1
12
11
1
1
1
17
27
2
1
6
7
3
2
14
71
7
3
13
5
11
2
3
12
1
3
4
58
9
4
4
8
6
1
98
6
9
8
6
10
2
12
2
6
17
6
9
6
2
4
6
96
6
9
25
7
2
3
6
6
4
6
29
5
49
7
7
6
3
1
56
13
2
56
9
10
3
2
4
5
14
10
11
53
3
5
11
17
5
39
14
3
6
2
9
13
0
17
9
5
4
2
1
8
4
9
64
7
5
1
1
1
24
26
5
13
6
23
3
24
6
12
4
9
19
2
1
8
2
5
17
8
12
3
4
3
3
2
8
5
3
4
30
8
4
2
12
7
2
6
1
7
3
5
2
5
3
11
5
3
1
10
2
6
3
3
4
7
7
28
11
17
7
9
13
3
4
2
6
4
33
5
19
3
72
35
77
2
5
6
7
2
3
7
3
5
15
8
6
12
2
1
7
5
1
7
4
1
11
6
