2
88
6
0
0
11
95
15
6
1
12
11
12
6
3
6
1
1
6
3
4
10
4
6
7
77
6
6
6
3
9
6
24
13
25
3
8
40
38
2
4
5
27
1
3
2
5
6
4
4
4
2
3
2
3
0
10
7
22
3
5
23
1
13
3
6
5
0
10
8
3
1
6
11
25
1
4
3
38
1
3
4
25
2
3
25
1
17
7
5
37
9
1
10
14
9
4
13
7
18
5
3
8
3
7
1
3
1
3
1
10
6
7
24
21
4
25
6
52
5
1
28
26
6
56
5
14
5
28
1
21
1
61
2
14
9
1
2
1
10
63
1
3
5
5
3
17
1
5
3
10
4
41
8
5
1
6
6
24
15
14
3
1
11
3
2
3
9
1
7
2
2
10
1
17
6
22
4
1
14
5
2
21
6
11
5
4
7
42
10
1
2
3
3
51
6
4
6
11
25
25
9
5
4
2
1
9
4
3
0
4
7
4
2
9
48
10
5
4
3
7
11
2
6
2
6
12
1
5
5
6
8
3
3
14
2
2
15
4
17
2
30
14
60
25
11
8
34
11
1
77
9
16
1
1
23
1
5
8
10
5
2
5
7
6
28
6
35
5
6
42
14
75
4
1
3
1
4
2
2
8
1
1
3
5
2
3
2
