3
5
1
1
8
15
1
14
7
14
9
0
5
14
1
1
7
4
14
18
0
3
5
5
3
3
56
1
5
1
4
18
5
5
10
22
4
61
5
4
6
1
6
1
4
14
4
8
36
18
13
7
6
4
9
49
3
4
3
8
51
4
3
0
52
2
6
7
18
6
7
1
11
9
1
14
1
20
2
4
1
1
2
5
1
5
73
19
2
4
29
1
12
2
7
6
1
13
11
4
1
2
10
1
3
3
6
1
1
9
2
45
1
11
11
4
5
8
4
6
6
3
17
3
4
11
1
9
11
2
1
23
4
2
0
9
14
7
48
1
1
21
4
2
1
10
55
10
10
37
2
11
3
20
2
66
4
3
95
5
8
2
18
1
1
11
0
2
11
5
3
6
11
1
2
3
7
1
3
2
11
2
3
14
7
30
2
5
20
12
15
6
2
6
2
2
3
1
3
6
9
2
1
3
7
3
12
15
1
54
39
6
8
8
5
0
6
12
10
2
21
2
2
2
6
5
3
10
6
6
1
2
5
5
2
5
46
5
1
4
4
3
14
24
4
13
3
0
8
2
3
7
8
5
1
9
1
12
17
1
15
12
1
2
3
14
2
7
5
6
17
3
1
6
7
17
53
1
6
5
6
2
2
3
1
2
4
12
