14
3
1
3
3
1
7
10
5
6
7
0
12
1
3
3
19
11
1
24
2
3
19
17
10
3
27
3
11
9
0
0
3
3
0
2
4
3
0
7
4
2
5
5
9
3
3
8
12
4
2
5
6
3
1
8
2
3
1
5
19
7
8
11
5
12
9
11
2
2
6
4
0
14
53
3
97
1
11
5
3
7
10
13
2
3
1
10
1
4
5
1
3
1
3
4
6
99
6
27
4
29
8
5
13
2
0
5
8
3
4
8
3
3
3
12
2
12
12
1
11
2
3
4
5
0
3
0
87
15
12
2
6
2
15
12
9
5
9
5
12
6
19
86
1
5
5
6
7
3
98
2
1
7
1
0
4
3
6
25
2
10
2
7
4
14
12
0
6
1
2
0
2
9
3
1
11
64
2
2
13
6
4
1
5
3
5
1
4
2
48
3
12
61
4
31
0
1
1
8
12
4
8
3
34
5
9
1
3
38
3
6
11
1
5
22
36
5
3
5
5
3
51
8
2
5
2
0
5
6
11
7
14
35
16
13
44
1
1
7
3
8
9
33
3
8
6
5
27
2
3
16
6
7
4
3
4
21
1
41
6
2
3
16
4
5
13
7
12
7
1
5
4
2
7
12
7
8
6
3
10
11
2
17
13
5
4
2
