4
3
9
7
1
4
3
4
5
4
2
98
9
66
47
1
6
8
17
67
4
4
5
4
4
8
7
0
2
3
6
0
4
3
3
8
32
8
3
6
7
2
15
3
10
14
5
3
7
9
5
9
5
3
8
9
4
12
24
20
10
8
11
3
5
9
3
1
10
1
35
6
27
10
5
4
5
4
4
4
3
9
3
3
4
10
17
12
4
13
8
6
2
3
10
7
10
3
5
36
3
1
58
9
11
26
21
4
7
3
14
3
7
10
9
5
10
7
3
73
2
1
12
2
4
1
2
5
1
13
11
4
34
31
9
1
4
9
12
8
91
9
1
35
5
5
10
3
6
11
6
10
3
6
12
19
21
2
54
7
11
6
3
4
12
5
1
9
6
21
4
5
3
2
7
3
6
2
1
4
2
6
93
2
10
0
8
10
1
11
58
17
34
10
2
6
13
14
3
0
10
56
9
3
22
49
86
8
5
12
3
6
3
2
25
19
2
64
3
32
1
51
2
21
7
14
26
14
19
26
5
3
9
12
2
10
3
51
97
2
42
9
13
17
2
14
3
9
13
9
0
5
3
5
11
27
1
4
3
7
1
13
12
5
5
7
3
4
3
13
1
7
16
3
27
15
14
27
3
30
1
22
2
1
1
1
5
8
