0
13
0
8
2
2
3
7
3
3
0
2
5
7
5
9
6
7
4
5
1
0
3
7
6
0
4
9
4
3
7
2
4
4
3
10
25
2
6
5
9
3
0
0
3
3
3
5
3
2
12
19
5
5
6
54
9
8
6
2
1
11
3
2
18
2
50
3
23
4
4
5
7
10
14
6
12
35
5
14
3
2
12
9
7
3
5
6
4
5
5
6
11
8
5
6
8
1
2
4
8
18
92
5
11
4
7
1
1
1
3
6
1
4
3
15
2
21
4
8
15
48
15
6
3
8
5
2
9
3
5
6
4
3
2
5
4
3
2
19
5
8
4
7
95
10
6
18
2
25
2
4
31
22
59
1
6
8
4
64
3
3
2
2
5
5
1
12
17
14
1
7
2
1
24
8
2
24
19
1
1
0
1
2
7
9
7
18
5
31
44
44
4
11
17
5
5
2
2
2
3
58
10
2
4
6
2
1
2
23
8
6
12
2
8
2
82
4
3
1
4
4
6
2
79
41
55
3
27
0
7
6
1
17
3
2
0
3
4
12
1
3
1
3
28
13
7
14
2
7
49
42
2
12
2
1
3
12
10
11
57
1
1
8
2
72
8
2
7
25
4
61
11
4
16
2
36
4
32
8
1
9
4
6
3
4
10
3
