3
5
5
2
12
6
5
25
8
18
10
12
1
3
3
5
14
4
9
5
8
16
2
11
16
1
22
2
4
4
27
0
2
6
12
0
2
3
5
2
1
7
19
75
2
13
5
5
3
14
33
4
7
3
3
4
13
2
5
6
11
3
8
1
8
7
3
2
15
12
19
1
8
8
4
6
5
5
21
3
78
3
31
11
6
6
5
77
11
97
2
12
88
5
7
15
6
5
18
6
2
4
8
4
2
7
3
6
6
9
8
0
5
8
2
8
13
5
3
1
1
18
11
5
8
5
3
3
1
11
3
3
8
9
8
6
3
28
3
0
5
3
5
1
3
0
5
1
3
1
8
24
2
5
4
24
6
98
8
5
11
7
1
14
12
9
4
10
4
5
2
3
6
10
2
9
6
8
1
30
7
10
4
3
98
5
4
7
5
4
2
4
11
18
2
66
7
1
7
10
4
1
14
5
4
0
1
6
36
5
10
1
64
2
2
5
6
3
3
1
2
7
2
11
4
2
5
8
4
49
9
1
5
33
5
5
27
3
1
1
1
40
5
5
14
15
33
5
9
21
8
3
12
8
2
3
6
19
3
5
1
3
12
4
6
5
6
4
3
2
8
7
5
3
3
5
12
2
4
6
8
1
2
3
2
6
98
2
