5
18
3
5
6
5
2
14
43
5
5
6
3
3
0
1
2
6
6
2
6
1
6
3
2
9
2
4
4
7
18
3
3
3
11
30
2
8
3
7
10
33
3
1
4
4
15
1
4
4
40
9
2
30
10
16
9
3
3
3
2
5
0
1
6
3
3
9
3
9
12
13
4
9
16
38
4
13
2
9
6
27
3
7
2
97
5
6
4
15
3
11
50
5
13
13
24
5
72
10
1
4
2
96
6
4
5
22
10
5
1
2
13
6
0
4
2
2
13
7
12
7
10
4
5
1
1
14
5
11
4
9
3
3
1
2
44
12
4
0
2
8
11
52
11
5
5
13
3
2
5
1
6
3
0
12
19
1
17
6
4
14
12
0
12
17
89
8
1
10
5
3
11
5
51
26
15
99
5
3
8
10
1
3
2
11
7
9
4
6
7
4
2
3
9
5
2
6
7
6
2
5
12
5
8
6
11
18
7
31
1
10
5
10
2
1
6
4
3
2
9
24
99
3
1
1
8
6
12
1
2
11
11
2
5
5
91
10
21
7
26
13
1
2
38
12
3
1
1
3
1
2
33
8
9
14
3
3
5
8
5
38
30
3
3
4
8
6
4
6
3
11
5
11
17
8
3
10
3
17
4
10
3
9
3
3
3
7
