6
13
5
0
10
0
4
3
4
5
0
2
2
5
5
1
10
4
5
5
5
14
11
8
19
1
4
13
4
14
4
4
10
36
7
5
3
58
6
25
4
12
3
2
11
6
34
1
5
16
2
6
21
17
9
3
8
9
66
7
1
13
13
7
9
3
7
3
56
78
8
2
9
12
3
5
17
64
16
8
2
0
0
4
3
8
7
11
9
8
17
1
1
52
6
1
1
25
12
9
1
9
2
1
7
5
6
2
8
3
5
6
14
6
2
14
5
10
5
2
3
15
4
5
5
11
2
5
6
5
17
4
92
7
1
14
2
2
7
3
10
19
10
4
3
10
2
2
14
2
1
3
0
42
3
6
4
10
2
5
13
16
4
17
0
4
2
2
2
5
1
1
11
7
5
4
2
12
0
6
2
7
4
6
8
18
19
7
11
2
5
8
3
6
11
18
1
59
2
5
10
3
2
0
4
3
8
97
12
2
5
1
3
4
1
59
17
5
7
98
5
4
10
2
1
10
48
10
7
2
0
3
11
4
0
41
0
4
5
2
6
8
2
92
2
7
7
1
10
3
8
0
31
3
3
10
21
5
1
0
1
2
6
8
1
2
44
5
8
7
8
3
6
66
3
10
1
10
3
5
3
9
3
1
4
3
7
43
