10
0
54
4
3
4
3
24
6
0
50
1
9
6
6
6
32
5
8
8
50
28
23
7
19
3
2
5
6
4
4
4
9
0
1
4
8
3
7
10
31
59
10
4
3
6
5
1
2
0
1
12
5
74
7
12
9
9
51
3
26
2
3
2
1
8
33
10
0
1
2
3
3
3
7
3
13
2
3
14
70
68
2
7
1
6
2
11
8
3
4
25
1
1
10
3
2
20
1
3
3
3
3
8
7
5
10
97
4
3
41
12
12
5
6
44
1
11
8
13
6
1
10
7
4
41
10
43
9
6
2
21
2
2
21
2
5
6
11
8
5
6
1
1
2
4
12
2
2
0
2
6
5
7
5
24
8
1
1
6
12
5
3
4
7
1
3
15
8
2
6
11
5
5
2
5
7
3
12
5
10
1
3
1
7
3
12
3
22
4
4
1
1
1
8
1
2
8
6
4
11
5
5
5
9
6
14
12
5
5
97
2
33
2
1
0
8
8
1
44
12
5
6
11
5
4
1
2
1
2
5
5
6
2
3
33
4
3
0
6
98
2
2
11
1
6
3
5
97
11
5
26
2
18
11
3
2
6
5
3
11
94
7
3
3
2
3
6
8
2
9
8
13
4
10
2
74
8
2
12
10
2
3
6
58
1
3
25
