3
4
8
1
5
3
7
3
18
1
54
7
4
4
7
5
26
4
5
3
9
4
1
3
21
43
12
2
69
3
4
5
2
6
3
3
3
9
13
5
3
3
0
36
6
11
14
5
9
2
1
1
1
2
9
1
1
3
4
11
7
3
7
3
11
4
5
6
9
47
9
6
1
2
5
97
3
21
15
3
16
1
6
22
10
5
2
92
3
13
4
16
3
2
4
1
8
8
8
13
1
20
19
2
15
3
2
1
2
3
9
13
2
3
3
5
2
3
1
10
77
3
4
7
2
10
3
9
1
3
4
12
1
5
34
3
10
4
5
17
5
8
9
97
1
12
16
67
7
4
11
8
10
5
2
6
21
3
1
5
6
5
1
7
11
9
19
6
1
2
4
3
4
10
11
0
2
2
3
7
9
4
99
4
4
28
18
8
3
58
6
3
10
7
5
4
1
51
10
6
54
12
27
83
98
7
5
7
35
94
2
49
5
2
12
9
2
17
1
4
7
10
8
3
3
2
3
8
3
3
28
1
52
3
10
13
43
1
3
7
5
7
2
4
1
13
2
1
5
32
8
9
1
11
20
13
7
23
30
5
3
6
2
3
1
2
8
6
10
29
2
3
10
1
14
1
26
5
1
3
7
11
1
3
18
3
4
3
