1
6
17
6
1
4
98
60
6
2
1
1
6
3
3
11
13
6
61
95
58
1
89
4
3
45
19
2
5
4
4
17
8
7
3
10
9
3
1
19
4
62
3
8
7
3
5
5
8
7
5
1
11
4
36
52
12
6
1
5
2
51
1
5
8
11
5
2
1
10
1
2
2
3
4
6
27
2
19
2
2
2
9
54
2
5
2
2
1
1
2
5
7
2
2
4
18
6
5
38
7
17
1
9
12
5
4
16
2
3
7
95
37
8
2
13
6
5
7
17
0
15
7
1
9
10
2
1
6
2
9
53
2
3
1
1
0
16
9
1
9
16
12
4
5
13
7
8
3
1
1
12
21
5
7
3
3
2
3
13
7
2
1
7
13
6
40
0
1
1
5
2
2
15
3
98
5
87
2
9
6
5
2
9
1
0
5
0
10
1
1
2
8
1
3
5
3
8
3
2
1
3
5
5
2
2
1
4
2
20
1
6
3
6
12
3
7
10
5
11
0
13
12
1
4
2
6
8
2
4
6
2
4
6
4
9
5
2
8
4
7
7
14
1
10
34
0
1
2
2
6
9
6
6
3
12
51
2
7
6
53
2
5
8
2
14
2
2
4
1
1
11
12
3
3
36
10
0
2
5
6
31
3
42
5
4
0
4
