3
11
2
12
3
6
6
3
16
7
2
9
4
63
40
4
3
2
12
4
2
5
0
2
4
2
7
40
2
2
12
3
0
7
6
7
4
3
6
9
1
9
0
4
1
6
3
3
4
0
6
1
4
6
11
4
10
10
1
2
2
7
5
3
3
2
6
5
2
1
7
3
1
3
18
8
6
53
2
3
4
2
3
7
2
13
2
11
19
31
2
6
3
1
7
1
5
11
11
3
4
1
2
6
1
6
6
3
1
11
13
2
4
2
1
6
11
3
2
1
3
1
2
5
2
9
14
1
4
1
1
12
8
9
3
1
6
1
6
4
4
9
12
73
14
6
7
8
8
33
52
2
2
28
5
7
0
1
14
13
6
5
6
34
6
8
7
3
1
3
4
8
10
3
3
1
6
1
8
3
7
8
7
8
2
1
33
12
23
8
13
3
12
3
4
5
3
6
17
13
15
2
1
2
32
3
32
5
6
8
12
2
1
2
2
5
4
2
8
3
13
8
2
21
5
2
7
2
4
6
2
10
1
16
5
3
5
2
2
11
15
3
3
5
4
1
7
52
7
3
2
2
5
8
1
6
1
24
8
31
2
2
4
5
2
3
1
4
5
7
31
5
4
7
3
3
3
1
6
3
8
6
5
1
7
3
12
3
