3
5
5
14
8
1
96
25
6
0
6
9
29
8
10
20
6
2
10
7
19
8
2
8
6
1
10
12
97
12
3
3
3
13
1
12
4
19
39
10
1
6
13
5
3
0
7
10
15
10
66
25
1
2
57
2
2
8
2
16
21
3
5
96
9
31
3
6
7
2
5
2
7
1
1
4
2
91
2
4
49
29
3
26
6
2
9
31
3
21
3
6
1
5
6
13
2
23
5
31
1
2
2
1
11
3
96
5
5
4
1
19
1
96
6
2
3
9
4
15
7
8
2
1
2
2
2
3
1
2
6
2
6
7
11
3
6
4
3
12
92
6
6
49
1
47
6
2
7
1
13
11
2
24
0
16
2
65
3
16
2
40
2
11
18
4
4
28
5
8
5
6
7
2
13
5
11
4
5
9
7
3
1
3
3
4
6
13
5
5
23
7
6
2
7
4
1
2
3
9
1
4
1
9
25
10
5
34
4
3
2
6
2
3
7
4
13
3
1
6
3
2
75
6
4
3
2
1
5
66
3
8
1
4
44
1
7
0
4
4
5
3
35
9
13
6
3
2
2
3
24
2
42
2
1
3
3
9
10
8
10
3
3
19
12
77
4
2
5
1
3
2
5
5
13
6
5
2
16
5
60
72
29
3
1
2
2
31
