11
3
25
4
12
7
6
10
4
1
36
35
4
2
19
6
12
6
10
25
1
1
5
8
5
22
6
1
6
6
4
17
42
7
1
1
22
1
12
7
4
6
3
1
3
16
3
1
9
7
3
3
10
13
5
3
2
24
10
25
3
13
4
1
5
12
3
16
6
23
86
2
48
3
2
1
1
2
15
7
8
6
7
10
1
1
11
1
1
1
1
6
4
3
2
3
14
70
4
29
6
6
1
2
1
6
6
11
4
7
15
2
8
3
99
5
1
6
6
10
6
6
13
3
1
1
55
2
1
8
6
98
4
13
8
14
1
2
28
48
7
3
9
1
1
3
1
10
10
2
27
23
11
8
36
8
6
60
2
8
9
16
6
5
6
8
5
9
20
23
0
2
1
2
3
14
3
2
44
9
6
11
7
5
77
9
11
1
3
53
67
34
25
9
3
7
9
3
1
2
1
3
31
3
6
27
4
3
3
2
8
11
34
4
4
7
12
5
15
83
5
4
94
38
2
7
2
4
2
2
2
7
7
4
27
6
5
5
0
9
18
28
1
62
3
17
12
8
3
24
5
6
5
22
15
8
4
2
4
71
5
29
81
7
6
5
5
32
1
6
6
1
18
5
6
7
3
3
2
11
2
9
1
4
53
5
5
7
