50
5
3
47
12
6
10
9
10
8
2
3
10
5
5
2
56
22
5
16
10
55
2
18
0
38
8
3
25
9
6
0
12
6
2
1
25
16
3
1
8
5
83
7
14
6
4
7
38
2
2
19
3
1
91
1
6
3
33
2
3
10
2
1
1
5
6
11
35
7
23
8
1
5
1
87
3
5
2
5
1
7
21
5
43
4
2
2
6
2
5
2
5
8
3
3
1
2
1
13
2
49
2
3
6
7
1
2
3
18
13
5
4
6
15
5
6
1
11
6
7
88
8
4
18
19
1
7
6
2
15
8
1
1
9
18
3
2
3
27
4
2
1
3
16
6
4
4
44
0
24
3
5
10
4
5
13
11
8
5
1
10
1
10
16
65
26
8
0
4
5
8
6
1
6
7
11
5
12
7
4
6
3
1
2
9
6
4
3
30
5
6
4
10
6
5
2
3
20
10
54
4
1
3
3
3
2
2
2
6
3
3
3
4
13
3
4
6
2
11
9
21
2
5
6
2
8
16
8
1
58
5
1
87
8
8
7
5
3
3
4
3
3
0
3
6
1
5
12
30
11
42
2
8
2
9
8
42
6
4
1
10
1
2
3
3
11
5
3
4
5
4
11
40
1
3
12
33
1
2
16
2
8
14
7
2
4
2
