2
3
41
4
9
1
2
3
4
3
12
2
31
7
4
2
4
6
11
3
8
3
15
3
97
42
8
5
14
19
13
4
2
7
11
11
3
4
1
24
2
97
50
10
0
12
26
5
2
5
2
1
23
12
4
9
3
2
4
2
3
6
88
5
7
88
1
15
6
3
3
7
1
2
2
2
2
5
4
16
19
6
2
6
5
1
2
7
8
2
7
10
4
6
2
7
9
3
1
9
6
5
50
12
1
4
5
5
21
12
2
39
9
6
1
6
1
97
1
4
5
3
3
1
6
10
5
1
8
12
1
12
8
2
6
1
11
8
95
9
11
1
6
9
1
7
3
2
4
3
13
4
15
2
1
41
34
1
5
2
6
2
13
13
4
0
6
5
11
1
19
3
12
26
4
3
17
30
10
8
7
4
9
5
3
5
16
4
38
1
8
7
3
11
4
93
5
1
1
4
3
2
7
12
2
5
6
12
83
17
3
9
3
3
3
1
34
4
9
8
4
4
3
5
5
6
8
9
1
9
1
5
1
24
3
3
32
1
7
17
46
2
30
1
5
4
13
34
3
2
3
3
3
10
9
7
4
13
3
3
5
3
1
30
5
10
4
18
32
3
1
4
50
3
5
2
35
13
3
9
2
3
3
1
1
12
7
6
