3
2
1
3
3
13
8
0
4
4
3
4
7
3
5
3
3
9
13
3
16
1
24
2
0
3
15
7
2
3
3
7
93
10
14
97
7
10
8
18
6
10
10
97
12
3
6
3
0
20
6
43
1
7
7
7
1
12
3
15
4
19
6
3
5
2
3
2
2
2
7
6
1
8
9
3
9
12
2
8
35
11
2
10
5
3
8
9
1
14
4
7
1
25
8
8
4
3
12
46
10
3
13
6
10
53
8
3
7
6
4
6
10
1
10
4
1
0
56
7
3
8
2
5
10
5
5
6
2
3
1
4
9
10
30
87
5
20
5
97
97
17
19
6
15
4
2
3
10
5
3
9
1
38
45
2
7
2
11
5
2
7
2
13
7
3
7
3
26
0
14
5
3
3
7
20
23
6
6
7
8
2
1
6
3
2
5
10
4
3
7
1
1
5
12
2
52
17
1
10
3
38
19
8
40
1
6
15
9
1
1
9
2
3
0
4
6
2
6
3
3
1
21
40
5
3
5
12
6
17
1
3
2
2
2
52
33
3
1
4
15
3
21
16
7
2
16
34
13
6
11
16
11
3
17
9
7
8
2
1
1
2
27
1
13
25
3
3
27
4
3
1
5
29
2
6
1
7
18
13
5
25
78
2
4
13
18
2
