24
4
2
2
8
1
3
6
8
16
1
7
3
1
36
14
7
11
18
12
9
1
3
5
5
26
2
10
8
11
10
2
3
10
1
4
5
39
4
15
11
51
3
2
41
3
13
8
3
16
2
6
1
7
3
3
90
3
77
11
7
7
6
1
5
2
4
6
8
42
5
10
3
28
2
1
1
4
11
2
2
11
71
10
3
0
5
15
8
2
2
3
2
86
7
7
2
6
17
2
1
11
9
11
3
3
6
6
3
3
9
3
10
4
8
3
9
2
6
5
10
10
3
4
2
4
18
7
6
10
1
87
6
6
91
10
87
16
7
3
9
20
8
4
27
4
2
11
19
6
2
4
17
3
5
1
7
3
66
7
2
4
10
57
5
3
2
4
3
1
1
6
2
4
38
23
9
7
0
2
6
3
6
5
4
22
58
2
5
8
6
23
37
15
45
5
2
5
21
20
0
3
1
2
3
4
10
3
14
16
6
13
3
2
3
4
6
1
3
3
36
3
1
3
5
6
51
3
2
85
7
1
3
6
9
2
6
18
4
69
4
17
13
2
14
4
13
7
5
4
6
12
5
53
3
7
3
2
9
9
2
7
7
7
5
14
17
14
3
9
49
4
5
2
2
42
7
6
5
7
2
4
2
6
2
5
9
1
