57
6
4
2
15
0
4
2
8
4
2
1
3
2
6
43
3
11
0
19
5
5
9
8
3
8
19
2
2
5
2
5
3
2
0
6
8
4
18
1
10
3
2
4
2
2
3
2
7
1
10
10
5
2
5
6
14
3
1
17
7
13
5
5
7
11
11
20
29
2
2
1
6
14
3
1
3
6
5
51
0
2
3
14
1
3
11
11
10
9
10
3
1
14
7
9
6
9
84
3
6
2
5
2
10
12
8
6
5
88
3
13
2
2
8
0
8
3
9
26
33
8
1
2
2
5
12
49
1
14
9
2
11
2
0
5
2
5
1
12
5
9
4
48
5
6
1
2
2
3
7
23
7
7
4
11
10
2
15
7
6
1
21
14
7
11
2
2
6
11
16
9
24
24
1
6
11
3
1
2
9
1
5
14
24
20
25
1
0
0
12
4
7
3
17
16
5
15
5
19
4
5
5
0
3
17
1
2
12
4
3
20
39
2
3
3
3
3
7
1
1
4
7
4
1
7
2
52
5
4
5
6
11
48
3
11
33
2
8
4
3
1
4
32
63
6
12
12
6
3
8
31
12
4
30
9
11
0
6
8
3
12
6
2
76
11
3
3
3
4
2
1
2
1
8
22
4
9
7
13
6
3
6
18
2
6
7
5
