49
11
5
8
6
1
3
3
3
10
9
10
86
1
3
10
0
3
3
2
58
1
7
5
17
7
4
7
3
2
6
1
83
10
6
4
2
24
6
1
4
1
1
3
16
3
2
5
3
1
6
4
5
12
1
4
6
15
2
0
4
1
8
7
2
60
9
8
2
5
6
0
4
40
9
10
5
7
53
15
9
6
1
73
9
1
8
0
5
2
34
5
5
8
3
5
14
2
15
9
5
11
0
12
7
7
5
0
3
5
5
3
7
48
4
1
8
6
2
2
3
26
18
9
3
0
6
18
0
3
5
1
6
3
4
5
5
8
6
3
6
1
1
2
48
5
3
5
2
7
15
1
2
8
6
1
9
49
3
14
2
1
1
6
4
42
2
5
4
3
4
1
97
1
1
6
1
5
1
1
8
12
7
1
9
1
0
3
5
9
8
2
1
7
23
3
11
15
3
7
2
1
2
3
7
5
2
2
6
15
53
6
5
5
1
8
7
13
1
7
7
4
3
10
4
4
12
2
5
14
20
4
2
2
25
5
5
53
1
3
44
8
12
13
15
4
4
3
10
3
2
2
21
2
7
2
46
19
2
7
6
11
12
44
2
2
3
2
3
6
2
14
5
5
9
3
7
4
6
4
1
6
7
10
6
5
12
4
