50
21
2
5
5
13
10
1
3
5
5
3
17
3
22
8
7
4
6
7
5
14
12
2
2
6
10
7
2
2
7
5
3
4
5
4
12
37
4
5
1
3
15
16
6
3
17
6
11
0
4
3
5
11
5
2
7
7
5
69
74
11
4
5
4
9
5
12
6
3
10
2
17
4
5
0
14
3
6
5
7
3
16
12
3
4
4
12
12
2
12
7
4
84
11
0
12
4
1
3
7
1
1
3
9
2
6
7
3
2
3
4
3
6
6
6
7
11
6
9
7
1
3
6
9
1
8
2
6
14
5
11
0
2
2
4
32
4
6
11
88
6
3
3
5
1
17
8
2
12
6
2
17
1
21
13
9
6
2
6
1
4
13
2
2
13
12
5
0
1
4
2
2
26
9
9
7
5
2
4
8
1
8
5
4
14
4
4
1
2
8
1
2
8
2
2
7
5
1
2
7
41
9
2
20
39
2
7
6
2
36
11
1
0
2
5
2
2
5
1
33
5
23
11
7
7
84
15
27
50
1
13
5
8
10
5
3
3
1
8
8
1
15
2
8
3
11
11
5
12
16
2
5
1
15
1
22
4
6
15
7
19
2
1
6
1
15
6
8
15
54
7
0
11
0
5
2
8
13
10
6
1
10
11
2
98
7
11
