9
1
5
3
5
10
5
4
4
1
14
9
21
2
35
27
6
3
3
3
7
6
15
2
2
2
2
69
2
84
3
6
3
4
2
5
1
5
11
62
3
5
14
43
3
9
6
3
14
26
7
4
9
16
13
2
8
3
41
18
3
10
18
6
4
13
11
6
3
9
9
1
98
34
6
18
1
5
10
6
1
30
7
11
4
27
2
2
3
8
6
3
4
2
2
90
4
24
10
5
64
3
15
25
26
13
1
1
1
53
11
8
8
99
8
6
95
2
12
13
8
96
6
11
90
1
2
3
8
5
15
1
13
7
5
1
6
5
4
50
6
3
61
1
20
28
6
10
1
19
5
55
1
2
9
6
3
3
7
99
8
9
2
5
6
16
6
12
1
7
5
7
1
11
2
49
5
42
5
12
6
4
6
5
3
6
4
5
27
2
10
8
16
1
10
33
11
3
6
8
9
46
5
14
2
4
5
1
17
21
10
52
4
7
4
4
24
1
15
4
4
45
6
4
7
31
96
3
3
1
1
2
11
5
6
2
3
3
6
41
2
13
8
7
6
10
1
4
5
5
5
9
12
4
6
31
2
86
5
7
1
2
1
14
1
16
3
7
3
12
4
3
4
10
7
5
11
5
6
0
5
3
3
4
3
22
4
5
