7
4
1
5
3
9
3
6
5
4
3
1
3
3
5
2
2
4
7
6
3
0
2
40
3
5
6
11
5
9
6
7
8
9
8
4
0
10
2
19
14
5
6
5
8
0
12
5
17
2
2
5
2
6
2
5
12
7
3
37
10
3
2
2
7
15
6
5
1
13
1
72
33
3
3
0
1
1
12
10
72
3
11
2
11
4
3
1
2
2
2
20
55
12
12
3
9
99
5
12
16
2
0
11
5
17
48
3
5
7
7
13
5
10
7
1
41
1
6
6
9
13
6
2
3
83
12
6
3
6
1
7
5
11
4
11
0
6
7
13
7
15
5
13
7
5
3
8
5
4
5
2
11
10
2
2
0
4
2
3
10
22
2
13
1
1
10
0
28
1
5
3
2
4
5
3
2
20
5
3
1
3
2
2
3
1
1
4
13
1
2
3
5
3
4
34
6
3
9
4
5
6
8
5
2
2
8
9
2
5
11
1
7
4
3
6
3
11
3
11
20
4
52
7
13
0
3
36
8
11
9
1
8
11
0
1
5
3
18
13
25
1
26
6
4
1
3
5
3
3
2
8
2
10
6
11
2
8
4
53
3
7
1
3
9
21
1
8
6
2
6
3
10
4
6
15
10
4
4
4
2
37
4
2
15
2
11
14
