2
5
3
5
9
34
10
4
7
3
4
12
2
2
33
10
14
35
92
6
3
11
49
2
14
4
8
6
8
6
5
7
18
6
9
7
4
12
3
5
6
90
4
5
33
46
5
17
39
7
11
27
4
2
12
4
39
11
9
6
3
1
46
6
11
4
5
7
9
3
10
5
12
60
11
0
1
1
27
41
19
0
15
6
11
3
7
3
2
27
5
9
4
9
6
5
1
2
2
0
25
4
15
6
10
1
10
4
6
10
1
5
3
7
5
6
53
7
12
97
10
10
97
5
1
19
0
1
1
1
10
67
9
97
15
2
31
0
4
6
2
12
37
8
5
2
18
6
1
2
7
4
10
1
9
3
8
6
7
1
5
3
4
4
11
2
1
34
5
15
5
2
6
4
10
18
9
3
6
5
4
6
12
3
5
25
3
1
6
1
6
1
5
10
3
1
19
7
6
0
1
2
14
15
8
8
5
13
8
6
3
6
2
3
63
6
5
27
10
2
2
2
10
19
1
1
9
3
5
9
1
9
7
2
0
10
1
5
2
3
5
4
9
5
2
52
32
81
10
5
1
6
3
37
8
8
1
4
4
4
5
5
4
5
13
13
12
9
2
1
5
12
9
2
44
9
8
5
7
8
39
3
9
10
3
5
2
15
