2
15
3
10
60
11
2
0
3
3
3
11
6
5
4
93
1
11
4
3
6
5
11
5
6
4
1
10
1
9
2
3
50
3
10
1
18
7
69
19
1
3
1
2
6
1
4
3
5
6
6
3
11
42
5
2
3
3
2
3
3
8
6
7
12
2
2
16
5
3
5
7
8
15
11
2
2
9
6
5
3
13
13
3
12
12
10
3
4
1
9
8
4
50
1
5
7
2
12
1
38
3
4
3
4
11
1
2
3
10
2
6
9
15
38
0
5
2
7
6
10
0
9
6
51
37
0
5
7
11
2
9
4
1
11
1
3
17
1
4
5
3
1
2
9
4
6
2
4
8
14
6
5
8
1
14
3
2
6
12
0
8
52
1
1
6
3
6
6
3
2
7
11
20
21
11
12
3
5
12
11
24
2
5
3
12
7
4
5
11
2
13
8
10
41
8
33
1
50
18
3
2
8
13
3
6
74
5
1
10
8
7
6
5
4
1
4
51
3
13
22
5
7
2
5
23
3
21
9
8
12
2
5
3
2
1
20
2
9
5
2
9
15
10
1
5
4
5
15
45
6
2
2
1
16
9
12
7
0
9
3
3
2
8
5
1
33
0
5
5
3
8
7
8
4
9
87
51
2
5
6
15
11
5
6
4
11
2
