7
14
1
8
8
3
18
3
7
88
16
9
1
3
15
10
1
5
0
5
1
18
1
9
3
5
30
4
8
8
0
5
3
17
9
4
8
4
5
9
17
6
5
21
5
3
7
6
3
14
3
14
10
1
11
3
2
3
20
13
3
3
5
6
7
6
2
2
3
14
18
4
13
3
4
2
2
15
12
4
9
3
6
0
9
5
5
1
11
7
9
9
0
3
11
3
0
8
1
13
4
1
2
8
1
2
2
2
2
30
7
4
13
6
4
6
1
2
7
2
3
11
7
3
1
5
15
4
2
8
40
2
1
13
27
7
1
1
17
6
6
3
7
1
4
2
5
13
6
10
3
3
1
12
9
7
3
0
29
14
11
12
1
13
9
1
2
4
2
2
4
4
5
1
2
7
33
7
39
11
7
5
3
14
11
3
1
11
17
6
40
10
1
6
0
7
3
6
4
2
14
54
19
1
6
11
4
49
44
47
2
20
4
3
4
4
4
90
7
13
5
1
35
1
1
32
2
14
39
6
9
3
1
2
6
2
8
1
2
6
1
3
6
19
3
13
27
7
3
88
1
6
2
5
2
2
7
89
3
75
26
26
26
52
45
6
2
13
1
5
3
0
25
7
11
6
6
8
9
3
8
2
6
14
1
60
2
20
