1
4
25
35
2
8
4
4
7
0
12
4
67
3
9
11
3
27
3
16
4
6
8
53
16
4
1
3
20
10
3
7
3
6
8
9
2
5
9
15
9
1
3
2
1
2
10
3
4
13
5
3
2
9
4
3
7
3
25
1
3
12
13
23
20
13
2
7
4
2
19
29
3
88
3
7
1
1
5
1
6
9
1
3
87
3
8
2
59
84
1
2
5
13
4
6
3
3
72
6
4
7
12
2
6
9
4
7
4
9
10
1
9
6
9
11
6
10
8
14
2
9
6
1
9
5
7
8
10
5
4
10
10
97
5
3
10
97
3
9
3
1
4
56
7
8
97
3
3
61
2
0
33
5
7
5
6
2
1
2
5
7
12
3
2
26
43
3
8
4
10
6
65
11
25
3
10
20
16
1
2
0
21
5
2
12
15
2
13
3
5
16
1
3
3
1
11
12
10
35
7
50
17
12
5
3
10
6
15
8
2
2
94
2
3
1
8
10
11
6
6
3
9
49
5
1
99
28
2
10
10
7
14
3
4
16
3
1
2
29
10
85
7
7
1
3
2
5
5
7
1
2
1
9
5
5
3
13
6
2
8
3
18
19
3
10
1
4
2
2
3
7
5
10
4
12
13
8
13
43
2
25
9
1
4
2
2
6
