9
6
10
14
2
2
4
2
44
5
3
3
1
17
8
61
3
13
8
11
5
5
1
4
53
25
17
23
3
0
8
37
11
6
4
22
5
5
50
26
88
2
0
9
2
5
1
25
2
14
5
12
5
1
6
7
1
55
5
11
14
17
2
9
78
4
2
6
1
5
11
14
5
2
6
2
3
2
6
1
3
2
26
1
8
6
6
3
42
1
2
10
5
12
7
2
1
1
10
6
2
3
18
13
2
11
7
7
3
2
7
16
4
2
3
2
12
1
22
10
10
2
7
1
6
2
8
22
7
3
12
1
7
2
75
4
2
5
5
6
1
3
6
14
12
4
3
5
28
4
5
3
6
3
2
26
4
7
40
35
0
5
5
27
2
3
5
3
2
2
5
45
7
18
1
12
10
64
7
2
4
53
12
1
23
5
3
3
24
3
3
3
9
58
4
86
4
2
8
1
1
99
4
3
19
8
2
3
32
1
3
3
30
33
3
8
3
3
4
1
8
3
7
12
2
66
5
0
6
1
5
2
12
13
5
2
1
6
17
0
17
3
1
4
5
1
3
2
23
1
4
1
5
37
1
7
8
3
1
1
3
31
7
1
5
3
10
8
6
3
5
1
4
1
2
4
5
8
3
6
19
7
7
4
22
6
1
42
