2
21
11
3
69
2
23
13
37
5
14
2
28
3
65
38
17
6
10
0
35
7
26
4
5
34
3
2
2
6
9
11
10
14
8
1
6
0
2
40
6
2
5
4
40
11
1
18
3
18
2
2
7
5
1
37
2
3
2
4
13
2
44
8
3
6
7
8
3
0
7
6
11
1
6
5
7
8
6
1
21
17
4
1
5
10
6
2
1
2
4
8
9
3
7
2
5
46
3
1
8
10
1
16
1
11
4
7
13
5
8
10
12
1
2
8
4
3
1
8
3
3
99
9
1
2
3
5
2
12
1
5
2
6
9
3
26
5
16
4
15
11
42
2
2
13
4
1
7
5
8
31
5
7
3
23
1
2
22
11
5
1
1
6
35
8
9
44
7
26
12
3
1
3
1
3
7
31
4
70
71
4
15
8
3
64
2
7
7
10
3
15
3
3
45
5
3
3
6
11
4
2
60
8
14
3
65
52
2
5
5
11
6
2
0
2
3
4
6
3
8
36
3
5
82
2
8
3
3
8
5
4
1
3
3
19
0
0
5
6
7
3
18
7
4
79
8
6
6
7
5
2
7
1
3
3
7
27
2
6
6
14
9
10
1
42
76
8
3
2
1
54
1
26
1
7
69
1
42
1
8
5
3
5
11
12
3
81
