8
2
15
46
5
28
8
33
10
67
7
8
6
4
8
4
6
4
5
1
64
3
3
0
11
1
4
3
11
11
31
27
18
3
17
33
12
14
3
1
18
1
3
3
89
5
30
4
3
52
34
3
4
1
4
27
20
1
3
19
1
4
0
22
5
94
1
10
11
1
6
6
5
3
1
8
38
3
1
4
16
2
3
2
3
4
3
44
11
3
1
1
22
15
12
18
3
41
13
12
13
1
4
7
1
7
5
54
6
2
11
4
5
4
5
53
18
8
2
10
15
9
18
52
6
98
18
10
9
3
15
99
2
8
99
11
89
10
8
10
15
9
4
1
33
7
6
5
6
21
6
11
3
1
5
8
64
63
2
3
8
10
7
1
3
14
2
5
1
31
3
5
11
2
6
3
4
5
5
8
5
4
5
13
1
3
1
3
4
1
7
9
12
13
11
5
12
5
1
27
10
13
5
4
1
3
15
3
14
1
12
3
16
17
2
5
7
5
4
5
8
1
36
2
1
8
1
2
10
2
4
2
1
5
15
19
5
6
4
13
5
44
6
25
5
6
3
5
3
38
3
5
7
6
13
35
3
3
17
30
1
5
3
5
1
5
8
3
4
9
34
6
3
3
9
5
3
3
34
2
3
13
3
9
19
2
6
10
