11
3
2
5
24
7
3
2
0
5
28
2
3
1
2
5
5
13
6
10
10
3
17
11
2
2
7
3
9
11
2
2
0
3
15
3
35
7
10
4
4
2
4
4
13
3
6
10
2
11
31
4
16
0
3
0
11
6
12
15
40
6
98
2
10
10
5
7
10
96
11
18
6
1
4
6
3
3
11
6
1
5
2
74
2
0
10
6
1
3
77
7
17
6
99
16
10
3
3
0
6
12
5
7
5
28
4
3
1
13
5
6
8
1
1
6
6
6
1
6
6
3
4
1
2
5
1
2
8
3
2
3
0
14
18
7
10
4
26
3
6
6
1
2
1
2
2
3
5
16
1
4
18
3
2
1
0
7
6
1
3
2
1
10
5
8
0
25
2
5
12
1
4
7
6
16
4
0
13
14
84
15
2
1
19
1
11
1
8
8
1
6
1
64
7
6
1
8
7
3
2
5
27
3
5
3
13
3
2
3
63
5
5
2
4
5
2
11
4
6
2
4
5
15
1
1
4
26
18
5
1
3
2
6
1
64
3
1
15
1
63
29
3
12
4
1
14
24
12
8
7
1
3
12
9
5
2
1
8
3
9
3
3
8
3
13
2
8
17
10
14
7
5
4
1
6
13
2
2
26
10
1
2
5
3
7
12
34
