10
0
8
7
3
3
14
11
3
12
14
0
12
10
5
9
11
1
10
27
1
3
6
2
13
14
11
43
42
11
3
1
3
5
12
11
4
6
7
1
10
14
3
0
5
10
3
1
5
0
30
7
8
5
2
1
7
46
6
3
1
5
3
2
2
3
5
4
7
4
5
2
2
5
1
2
1
7
7
7
22
4
3
10
5
2
6
3
1
6
7
7
2
5
3
2
3
11
5
1
12
14
11
2
1
48
11
11
30
7
9
8
3
4
1
3
4
1
9
4
7
1
3
3
1
4
48
1
14
99
8
6
8
5
1
2
9
6
14
10
2
6
11
14
55
96
1
8
19
28
12
8
26
3
8
3
25
8
1
1
5
25
1
4
11
5
4
11
54
3
18
6
3
3
0
1
0
5
6
18
34
3
56
10
36
50
13
46
39
5
16
9
1
4
16
37
39
11
2
50
9
8
4
2
9
2
3
10
1
2
6
2
5
3
1
3
29
3
7
2
92
6
3
3
27
5
5
12
5
5
21
1
5
7
4
5
27
11
4
6
3
42
5
8
1
9
9
7
3
4
4
3
8
4
3
39
1
2
4
3
5
3
2
5
16
3
30
1
2
1
8
14
4
2
39
5
6
1
0
15
3
8
5
2
7
4
2
5
