7
5
2
5
0
3
5
3
5
5
11
1
6
3
2
8
36
15
8
63
23
2
3
2
3
8
5
16
16
2
4
1
9
10
7
8
6
13
5
3
11
1
3
2
1
6
2
8
15
10
28
7
4
2
2
50
5
12
20
7
3
3
3
1
10
1
10
3
3
2
5
6
6
3
8
2
2
28
7
2
10
3
5
42
8
2
8
3
5
12
7
3
1
6
31
7
3
10
5
6
3
1
2
3
1
5
49
19
9
6
97
8
1
6
11
3
4
15
9
7
3
7
1
18
7
2
20
5
3
4
5
11
3
3
3
12
4
4
3
2
1
9
5
5
2
4
13
1
1
27
2
5
5
2
7
7
17
1
73
2
6
58
4
1
9
5
23
15
68
2
21
19
6
16
12
2
1
3
45
7
21
8
4
8
3
3
3
12
35
30
4
6
0
9
5
3
2
2
6
12
1
1
3
1
1
9
2
4
1
2
3
2
5
1
87
0
4
32
5
2
3
3
4
4
29
2
4
8
4
2
6
0
8
2
3
1
12
10
9
12
2
5
8
15
5
3
43
9
45
2
3
6
10
1
2
2
1
3
2
6
2
2
12
4
1
2
1
6
5
12
1
11
2
3
3
13
3
7
2
6
4
7
24
11
9
3
1
1
