4
17
4
4
6
3
3
6
6
9
21
2
6
3
1
2
6
23
3
2
9
9
3
2
8
13
3
2
4
7
9
4
2
4
3
2
17
7
33
2
3
36
11
6
10
12
3
19
7
6
3
5
6
7
3
5
6
9
3
4
1
1
1
18
3
5
9
3
78
2
2
2
0
6
7
6
8
2
5
7
4
6
2
8
3
2
9
73
5
2
47
1
8
3
28
35
2
14
5
2
1
1
1
11
2
26
2
7
5
14
1
3
6
4
12
18
3
3
98
1
1
3
21
2
10
5
3
7
5
7
6
99
24
6
23
59
8
5
1
9
4
6
9
1
12
49
1
73
6
11
5
8
4
2
4
5
4
3
23
52
5
7
3
2
1
6
4
5
2
10
15
4
9
5
97
7
2
64
7
55
2
6
9
11
4
4
6
24
27
6
4
6
2
55
0
18
4
4
8
31
3
4
27
4
17
8
3
6
11
3
1
3
8
3
2
9
9
8
11
6
1
12
3
3
2
7
9
13
4
6
6
23
39
6
3
5
2
1
3
3
3
4
14
2
4
2
2
1
10
1
7
2
6
8
5
3
6
6
3
29
14
5
4
1
11
31
5
2
7
5
5
7
10
13
1
5
5
5
8
5
6
2
2
1
4
25
8
78
