9
25
5
6
3
2
11
0
2
4
5
5
10
3
6
5
1
1
3
2
3
9
25
2
2
3
5
1
1
4
3
19
1
2
1
5
11
28
8
0
21
89
6
1
2
5
8
4
3
13
6
6
2
2
12
14
11
0
3
3
5
8
11
10
5
2
7
6
6
0
3
11
12
6
25
6
5
8
12
20
4
4
11
5
21
14
3
3
1
12
1
5
6
4
11
6
21
21
0
5
1
9
4
6
2
13
8
24
13
1
7
5
4
8
6
3
5
47
5
1
68
13
1
4
4
6
4
71
3
6
48
6
3
1
6
5
70
6
4
2
5
8
4
11
0
8
2
5
2
23
14
21
0
6
1
13
8
1
18
4
5
1
8
3
5
63
6
21
12
11
6
1
5
6
4
5
30
2
16
13
8
1
17
1
4
2
1
8
4
25
1
17
9
1
62
0
7
2
3
3
6
4
2
6
41
32
4
5
26
3
8
41
43
6
5
10
7
6
10
8
26
0
8
7
3
1
8
7
14
14
2
5
2
17
3
32
4
31
2
31
2
7
22
5
39
4
3
6
6
21
7
6
2
6
60
1
3
3
1
2
4
2
7
14
11
5
3
4
2
1
14
12
5
11
4
5
1
13
10
2
6
14
1
7
5
5
1
8
