13
12
2
8
4
22
9
6
12
2
7
3
5
3
3
5
21
5
2
5
1
5
31
10
21
4
3
2
5
7
1
2
10
1
2
2
2
0
10
4
8
3
0
9
7
3
4
1
1
0
2
4
3
14
9
12
5
3
50
22
5
21
4
6
6
11
5
15
18
3
3
17
6
2
97
9
3
9
10
3
8
4
9
14
6
96
6
78
2
12
6
5
4
7
0
5
2
1
7
15
44
6
5
6
40
5
1
1
2
7
1
20
6
6
6
2
10
5
6
11
8
2
4
2
4
14
2
14
11
8
5
2
1
6
4
1
6
9
5
5
4
29
3
13
3
48
1
6
6
2
1
1
13
1
5
4
2
4
2
0
11
17
1
7
3
1
5
7
8
3
5
4
15
2
8
1
14
1
15
33
1
3
13
10
2
8
11
7
28
2
1
9
4
3
10
7
14
50
0
4
30
7
5
5
11
20
3
7
1
1
10
29
11
15
8
2
5
1
2
7
1
2
10
0
8
8
8
1
3
5
3
86
7
8
3
3
1
4
4
5
4
4
3
4
62
4
1
7
3
51
3
7
77
14
8
2
13
11
6
1
5
11
4
2
1
8
3
3
13
23
2
5
9
0
3
17
1
8
4
14
5
7
1
6
6
3
89
6
