10
3
17
3
1
10
8
2
23
2
4
1
1
7
23
1
10
1
2
6
6
0
0
1
0
7
5
4
1
4
2
7
8
1
0
3
6
10
5
1
9
2
2
3
3
6
13
0
4
1
5
13
14
5
12
3
4
9
12
3
17
6
5
6
4
5
9
1
6
11
12
11
6
1
1
3
14
5
7
3
6
15
5
1
3
6
8
2
15
2
9
10
7
4
14
1
6
20
7
4
5
10
3
2
7
13
5
5
45
2
8
0
3
5
9
3
48
1
8
23
6
5
1
4
7
3
5
9
2
40
1
6
3
3
3
6
8
70
1
7
3
10
9
8
10
12
6
0
14
1
1
17
5
1
3
16
1
1
16
2
0
59
6
6
5
4
3
1
2
7
7
62
18
7
1
2
25
3
1
0
2
1
25
9
5
1
2
3
11
5
3
34
1
1
6
2
6
10
2
3
5
13
8
6
2
1
4
20
2
40
3
6
4
4
12
42
4
9
9
14
7
5
5
5
3
8
1
11
2
16
26
35
44
2
2
6
8
3
3
52
21
4
7
11
19
10
12
2
3
6
8
11
3
12
7
6
3
11
5
17
13
2
0
11
11
13
5
21
3
3
14
7
3
4
6
3
5
12
3
3
6
1
2
4
8
2
1
20
