3
2
6
3
25
1
6
6
5
1
14
3
3
2
4
6
24
8
1
10
3
2
1
13
10
8
3
10
1
3
3
2
17
5
5
10
3
3
38
3
1
3
5
2
2
1
1
1
9
2
9
3
9
10
1
19
8
1
12
5
7
7
4
6
39
8
5
4
5
4
3
7
1
3
10
4
14
27
5
10
6
4
50
2
4
59
4
3
16
4
7
9
4
8
6
9
4
2
7
7
2
27
8
1
3
3
3
48
6
2
4
6
8
12
3
1
2
7
23
6
1
64
10
8
3
1
74
6
1
28
0
2
3
5
3
3
5
5
3
3
6
0
14
8
4
2
6
3
90
5
14
5
3
10
5
38
4
1
0
46
8
5
5
2
3
4
5
29
6
18
2
12
7
4
6
7
6
2
17
3
11
21
3
5
6
1
3
14
7
5
94
11
7
8
4
6
3
4
25
51
3
1
17
2
5
1
15
25
5
8
2
3
5
7
4
2
9
20
3
3
1
5
9
5
5
1
15
1
50
7
12
20
17
3
2
10
7
13
5
10
1
6
33
11
0
4
2
10
5
8
5
46
13
6
7
7
5
3
0
10
17
14
1
3
6
1
8
10
6
17
5
2
6
14
3
6
43
14
15
26
6
2
57
8
16
3
51
5
