3
17
7
19
0
0
2
2
2
25
3
6
25
13
28
12
5
4
1
1
1
2
11
15
3
0
13
1
0
3
5
2
2
4
2
11
5
3
6
6
3
7
2
5
12
11
6
4
4
3
6
4
6
4
73
4
2
1
2
3
4
4
3
8
16
0
6
2
12
4
2
4
9
5
2
5
5
6
37
2
5
8
7
8
2
32
3
96
4
33
10
3
5
11
2
3
6
9
1
4
1
3
3
2
7
9
8
4
4
0
3
0
7
9
8
5
3
10
6
2
1
6
13
4
3
9
6
5
0
5
3
6
3
1
5
6
3
5
6
5
12
4
5
6
5
3
3
4
10
0
1
3
7
9
6
25
49
8
7
1
17
3
98
3
2
8
26
2
4
1
5
12
7
3
1
14
3
7
24
16
15
4
5
7
18
8
6
4
64
0
60
16
3
0
7
2
4
4
6
9
5
9
9
3
1
3
9
15
4
3
1
3
14
0
3
2
4
7
8
7
51
7
2
10
6
3
6
14
3
17
0
2
2
21
8
2
6
36
9
4
22
20
10
1
1
2
12
27
21
2
8
25
3
6
5
35
4
5
4
11
1
5
14
15
3
3
2
9
9
5
3
17
0
3
2
2
1
45
98
3
1
2
4
9
4
2
5
11
