2
2
5
7
6
27
12
6
2
1
71
3
3
9
4
9
7
8
13
1
2
51
1
1
7
12
4
7
4
3
2
6
4
1
6
1
3
10
1
2
11
3
71
9
4
7
7
4
2
2
1
6
14
7
2
1
4
21
11
49
2
1
2
6
62
3
8
9
6
12
10
4
1
5
21
1
19
2
2
3
5
21
2
6
3
2
16
4
0
6
9
33
1
2
3
1
17
6
12
4
5
25
6
5
12
4
17
1
8
8
4
6
3
18
3
11
3
1
1
15
11
1
18
6
2
8
11
4
6
6
3
5
2
1
6
9
2
0
9
14
8
3
13
9
11
5
9
11
3
1
3
3
2
13
0
32
3
9
1
9
94
8
0
8
4
3
43
6
12
0
46
4
11
4
2
11
1
4
2
3
30
2
3
3
96
2
3
10
7
1
0
40
3
6
11
1
3
75
4
7
2
0
5
1
2
30
2
0
29
6
9
6
3
2
6
11
11
6
2
0
4
2
2
1
11
7
16
2
14
2
2
5
2
19
7
6
4
4
6
10
1
84
9
1
4
6
7
3
43
2
5
2
2
6
95
16
21
5
12
7
2
21
3
13
3
6
12
8
4
3
3
10
2
5
7
1
93
10
2
12
18
6
45
4
2
3
2
2
