29
9
12
2
3
2
85
1
14
4
13
1
0
9
5
1
2
2
7
5
3
2
6
4
3
1
2
7
30
2
7
3
1
2
5
3
18
4
23
3
11
95
12
6
3
5
4
28
2
7
8
12
8
2
7
11
8
4
1
3
19
70
9
5
5
3
4
36
3
8
7
12
10
17
2
39
3
4
37
11
3
86
59
10
3
4
3
11
3
4
5
1
55
11
18
12
5
2
14
7
7
9
11
7
1
4
4
2
2
3
8
1
1
4
4
6
1
1
3
2
13
1
3
5
6
5
6
3
4
6
9
8
6
5
6
7
1
2
7
6
13
3
12
6
2
3
3
3
7
6
1
3
58
1
61
5
5
1
11
14
4
3
1
6
11
17
5
23
4
13
21
5
18
5
4
7
1
13
7
8
2
4
5
10
5
0
1
5
10
1
4
5
1
1
5
7
1
3
19
26
13
5
13
0
47
4
5
17
4
13
11
5
7
37
11
7
21
9
6
1
1
4
9
3
36
5
2
9
5
37
6
57
4
3
10
15
14
2
5
5
1
2
23
0
26
13
4
10
10
2
11
2
6
9
9
7
13
7
11
2
13
7
1
4
6
36
6
34
11
5
15
8
2
9
4
1
53
5
14
12
2
1
3
4
1
4
3
1
