11
4
6
1
68
11
7
67
9
3
8
2
6
1
5
5
0
3
5
2
5
65
7
3
8
16
7
46
3
4
5
6
7
33
9
1
43
32
17
3
2
7
3
2
14
7
1
14
3
6
1
5
4
3
4
1
14
24
9
1
46
8
3
3
14
22
12
2
5
13
1
3
17
1
10
2
3
11
6
14
37
9
7
18
5
2
1
8
0
4
1
46
4
5
6
3
3
14
5
2
5
6
6
3
12
6
7
5
7
1
7
11
4
52
15
6
13
3
2
5
5
8
17
13
6
13
2
10
5
1
3
7
1
1
3
14
6
6
0
78
2
2
12
11
1
61
10
97
10
3
55
3
4
5
7
42
1
4
2
5
3
2
2
1
4
3
11
13
34
2
5
9
8
6
4
4
8
4
16
3
16
2
1
54
11
6
42
16
6
7
2
2
54
1
8
4
15
77
7
6
3
6
7
1
7
2
7
7
2
2
10
2
48
5
1
3
2
4
47
5
49
1
31
6
10
2
1
5
5
38
9
1
7
1
41
37
2
5
6
5
1
2
4
1
2
7
3
6
10
21
3
11
0
2
3
7
1
29
7
25
4
9
10
6
5
3
6
10
9
6
9
4
8
1
3
38
7
3
5
6
3
10
3
4
11
29
3
6
