3
1
1
2
3
3
3
3
14
3
2
11
27
4
11
4
19
5
4
0
9
4
5
1
3
4
4
3
16
37
3
4
79
3
3
2
3
1
2
5
23
4
6
20
8
12
14
4
13
3
4
3
11
7
3
3
0
12
6
2
6
9
10
7
7
4
6
3
5
4
8
6
7
8
1
1
3
2
1
2
2
7
10
5
5
12
6
23
0
6
7
15
3
6
2
2
6
2
3
1
3
14
23
2
14
1
11
2
9
7
17
5
2
1
3
0
2
5
3
3
2
2
5
7
4
9
2
1
15
2
5
3
3
42
6
3
2
15
6
7
8
3
4
5
6
5
5
16
6
2
3
3
0
1
0
5
0
1
0
24
3
1
5
0
2
1
25
2
25
3
8
1
2
5
8
3
4
96
12
11
3
1
23
3
2
3
6
0
1
6
5
8
3
5
6
10
51
4
4
2
6
5
7
7
4
9
2
41
34
5
11
12
10
44
6
6
8
1
4
3
1
5
7
9
7
7
5
5
2
1
2
2
3
1
3
27
32
7
4
6
1
1
1
19
12
5
6
6
9
12
5
3
2
12
4
20
10
4
90
5
1
3
6
2
12
1
3
4
3
34
9
6
28
15
7
6
3
7
2
79
17
6
4
11
5
10
15
15
