1
19
6
3
4
17
5
4
3
4
1
6
9
4
5
3
2
2
23
12
10
10
3
6
4
5
1
22
13
1
6
10
3
16
1
7
7
4
5
2
5
2
22
35
10
21
9
5
2
2
1
5
3
4
24
3
2
6
8
6
2
3
7
9
8
3
10
1
5
6
6
18
11
13
4
3
3
33
3
23
6
3
7
6
9
2
5
7
13
5
4
4
71
3
9
4
1
2
8
7
4
45
12
2
9
3
13
10
11
5
13
4
10
3
1
4
2
7
3
4
4
5
6
3
11
2
10
9
4
9
10
2
22
7
1
14
6
6
96
1
2
4
6
2
6
1
15
3
2
4
0
7
54
6
4
4
11
5
10
5
4
25
4
3
6
4
54
3
18
10
5
5
4
2
6
6
1
0
2
7
2
4
10
11
8
17
9
26
3
46
1
5
3
5
14
47
3
3
33
17
68
3
4
3
5
0
4
8
15
3
3
3
6
5
1
16
13
3
2
8
1
5
4
7
2
5
93
5
1
11
6
7
9
1
6
5
5
1
7
9
13
9
62
3
7
35
10
43
3
2
7
16
13
6
1
36
5
8
5
7
9
2
10
2
9
3
7
5
8
1
17
3
1
48
1
5
1
7
2
3
9
2
5
1
3
5
6
2
