4
11
7
1
4
7
3
7
3
8
17
1
3
2
1
5
1
1
10
2
36
6
14
5
29
7
3
6
4
2
33
2
67
1
38
8
55
3
13
0
4
2
6
1
21
8
2
13
7
7
26
5
9
7
2
5
97
2
81
1
31
5
3
1
8
3
26
12
5
2
5
3
11
5
5
3
47
71
2
2
8
6
3
77
2
2
42
7
6
3
4
1
7
1
3
6
3
7
9
1
3
12
3
6
1
6
18
5
12
9
3
33
5
1
7
1
99
12
5
99
6
15
4
4
2
1
7
6
11
6
8
7
5
6
6
11
6
18
31
2
3
4
1
8
2
6
2
6
5
32
5
1
7
5
3
31
17
4
60
35
26
2
10
11
7
3
7
13
15
6
1
18
7
23
14
23
13
14
4
9
1
4
0
3
4
1
4
8
15
34
11
5
2
2
10
5
1
10
13
3
2
6
7
1
12
77
3
1
2
3
1
2
3
3
3
6
1
4
1
0
8
2
31
2
7
2
1
1
3
1
1
12
12
8
5
4
4
15
4
6
6
0
8
3
0
8
9
3
11
10
7
6
1
1
9
3
8
4
10
5
7
3
2
6
3
2
2
7
42
2
3
6
11
3
2
11
11
7
25
7
3
25
91
6
7
2
3
4
