6
10
13
2
10
10
11
2
13
2
3
11
19
1
5
18
27
11
0
3
8
1
8
1
11
2
8
7
12
2
4
2
1
2
1
4
3
1
7
11
4
4
4
14
7
6
6
10
1
98
2
4
9
88
6
87
13
1
3
7
7
6
5
42
7
4
8
5
7
12
3
4
2
20
23
15
8
26
8
3
6
19
23
6
2
7
3
4
3
3
59
37
5
12
11
5
18
3
4
14
6
6
11
8
6
1
18
19
6
1
20
10
1
6
12
1
10
2
5
1
2
1
9
5
2
2
7
14
6
4
3
6
10
3
2
13
4
7
11
47
9
1
1
7
5
14
22
1
23
2
76
3
7
2
8
11
15
6
5
54
3
7
7
8
7
3
16
20
8
11
3
4
3
17
4
1
2
0
25
13
2
1
64
15
35
8
11
3
43
3
4
66
62
8
18
3
3
3
3
32
88
8
3
38
17
2
76
6
6
10
8
3
12
3
8
2
1
38
2
3
2
13
3
2
0
1
1
13
3
6
5
4
65
5
9
5
6
0
2
2
2
4
6
27
4
8
11
9
4
6
3
7
5
2
43
3
5
7
3
3
9
5
4
7
7
21
8
3
14
1
2
14
11
13
8
7
2
44
9
6
3
1
13
4
12
2
8
15
