5
6
4
3
23
4
8
3
15
8
4
1
9
5
6
15
9
2
3
5
1
9
2
7
7
1
4
3
2
4
13
2
14
2
3
8
9
7
14
5
6
1
10
12
1
2
10
2
9
1
27
4
5
97
4
13
18
2
2
1
2
8
12
2
13
11
0
20
7
8
3
0
14
78
5
5
5
4
6
55
18
3
2
6
35
12
12
6
2
2
5
1
5
6
15
10
11
2
6
2
10
2
6
8
5
6
12
7
1
19
13
5
7
12
9
1
6
4
4
1
15
6
4
1
4
5
4
5
21
2
2
7
8
6
10
7
1
9
2
21
1
2
1
2
1
4
6
7
3
12
7
8
3
7
2
2
37
6
10
15
3
5
2
11
4
3
9
1
32
13
3
87
10
9
2
3
1
13
40
6
1
2
2
32
2
39
2
2
3
11
1
8
22
1
5
8
9
2
7
2
3
10
8
9
7
10
6
5
4
16
95
6
3
2
3
15
97
1
21
5
3
3
1
5
5
11
7
2
0
92
1
0
15
2
5
4
9
13
5
1
0
28
3
2
11
5
14
55
11
8
18
8
16
2
3
3
6
1
2
7
1
17
2
21
1
3
3
1
1
1
2
10
1
2
2
5
1
4
46
11
2
5
4
10
3
21
1
13
