1
2
41
3
14
4
3
8
2
11
9
6
4
3
6
1
4
36
44
9
9
5
4
6
4
3
18
7
2
68
10
3
7
1
1
2
5
57
13
1
3
10
6
40
32
3
7
3
4
1
1
3
4
4
12
4
10
34
2
3
1
1
41
5
9
1
15
15
3
1
3
14
8
9
5
15
17
5
11
3
7
1
14
6
7
6
12
29
3
29
3
9
1
4
1
96
4
23
5
4
2
7
5
23
11
30
18
70
5
3
7
9
5
7
15
5
20
8
6
1
9
3
23
60
13
2
15
4
1
1
33
12
5
5
1
5
2
7
3
3
2
4
4
5
0
6
4
2
10
14
6
5
20
4
7
11
3
1
2
20
5
1
81
5
10
6
3
6
3
6
4
6
2
5
1
14
9
5
4
3
7
5
7
27
6
8
14
41
47
54
2
6
99
0
2
2
2
2
5
54
1
4
14
13
5
5
2
39
4
12
14
96
12
52
3
1
3
13
13
7
15
34
2
8
52
3
11
2
9
2
5
1
4
29
1
4
49
0
1
51
5
1
41
10
3
5
10
3
3
11
27
5
1
7
1
7
3
1
1
4
16
4
4
13
2
2
5
4
3
3
9
3
9
6
1
25
2
2
79
2
1
3
1
17
2
2
9
5
