9
13
5
3
4
17
8
1
1
16
7
1
13
18
3
1
27
12
1
1
4
7
4
7
13
2
9
7
8
12
1
2
9
1
7
1
10
4
2
1
6
10
1
9
1
1
2
1
5
10
3
2
4
6
8
33
4
15
12
6
5
20
11
5
1
1
3
1
2
2
2
10
1
5
6
6
9
1
8
5
14
2
1
4
95
53
5
17
4
7
14
53
1
1
59
8
21
2
1
16
31
1
4
6
3
7
7
8
3
3
10
0
1
91
2
12
14
6
15
3
24
6
3
11
2
16
8
1
4
4
7
20
5
8
5
3
24
6
3
11
10
5
31
2
2
3
6
3
22
2
16
1
2
34
1
2
1
1
2
9
4
3
7
53
5
9
6
4
9
9
13
13
3
11
27
9
4
1
24
2
2
1
2
2
18
2
2
11
1
3
2
7
2
94
2
9
13
6
41
7
3
1
20
6
2
5
7
3
7
14
2
2
10
19
3
8
32
19
11
11
2
8
9
3
5
4
15
4
1
46
2
28
1
17
6
6
8
8
5
3
14
5
2
8
15
7
3
8
16
11
2
17
6
8
3
37
1
7
2
1
5
2
14
11
2
48
3
8
3
12
53
17
3
3
0
1
11
8
9
1
94
20
97
46
2
81
2
0
