3
3
4
6
24
5
3
0
19
10
4
11
2
12
2
6
4
6
5
16
2
12
5
5
6
13
2
3
3
5
4
8
3
28
5
30
3
2
8
3
7
8
3
2
0
5
10
5
2
5
6
4
5
10
1
6
5
6
6
1
8
3
7
10
21
4
5
10
18
9
10
11
9
3
6
2
10
5
6
5
11
7
8
1
15
12
2
5
6
4
3
11
1
22
3
99
4
12
5
1
3
11
5
2
23
3
11
3
2
5
13
13
3
40
4
9
7
0
99
19
4
13
9
2
13
2
1
5
11
13
2
2
8
9
14
2
6
8
7
3
4
3
5
4
3
5
6
6
7
2
1
1
2
6
6
10
2
9
2
1
9
3
1
2
11
6
3
4
2
4
2
16
15
1
3
5
25
9
25
5
8
11
10
11
13
2
1
5
25
7
97
28
1
3
8
7
12
1
12
6
2
4
5
1
2
40
13
2
4
10
5
2
11
8
10
17
6
5
6
22
9
1
8
3
5
6
2
4
4
4
18
1
7
11
2
3
8
5
8
6
1
46
24
4
9
8
12
4
2
6
6
40
0
4
1
20
5
7
1
7
9
77
5
3
3
14
8
98
3
13
3
3
3
5
3
10
10
3
7
24
0
11
1
4
14
5
12
4
