6
3
3
1
7
2
2
9
2
5
3
3
1
5
1
2
0
1
5
7
10
7
2
10
12
17
0
5
7
0
2
6
8
5
5
2
1
5
18
2
4
13
1
4
1
8
1
6
1
18
1
5
81
17
13
15
3
4
5
10
7
6
10
4
73
6
3
25
3
56
7
3
3
8
4
15
24
16
11
10
1
1
3
3
14
15
5
5
26
15
3
4
1
8
4
1
1
10
8
94
92
87
19
4
4
72
6
4
6
16
4
2
7
12
9
6
5
2
0
1
9
2
1
3
12
1
1
5
27
1
3
9
2
1
1
6
2
12
84
3
1
1
6
10
3
3
6
5
0
1
4
12
1
5
2
4
3
1
39
8
2
2
2
2
9
1
8
2
2
15
12
3
4
20
12
3
7
3
1
1
15
6
7
5
1
21
1
5
33
12
11
0
16
12
6
6
20
19
11
11
11
6
3
3
30
4
7
1
5
4
11
6
7
3
2
2
3
4
50
5
3
8
2
4
8
3
3
3
4
12
8
9
1
2
6
5
3
4
5
13
1
2
28
1
24
6
3
5
6
35
4
1
17
1
12
2
4
2
17
3
3
6
14
5
3
9
7
5
11
18
1
9
10
4
11
4
5
4
13
6
9
2
3
2
11
3
6
2
