15
19
5
37
40
1
13
14
3
6
10
2
3
13
3
11
1
9
2
17
38
7
9
4
4
11
2
7
9
5
7
4
10
5
2
10
2
12
21
14
7
12
13
13
6
1
11
1
45
2
42
7
41
14
86
8
3
41
10
6
7
4
2
79
1
2
2
1
13
2
2
20
8
3
4
2
13
1
2
31
2
41
10
1
25
9
3
4
6
5
2
5
11
1
8
1
1
2
1
7
5
90
11
13
1
5
3
26
6
2
4
6
6
27
12
1
31
4
5
48
5
11
8
3
6
11
1
6
2
2
1
1
6
14
1
7
8
17
11
2
5
5
6
6
4
10
97
3
12
1
7
8
13
9
36
2
14
4
5
17
3
3
7
22
3
50
4
6
7
7
1
7
3
4
13
1
2
1
1
5
3
5
11
3
7
2
4
6
12
11
3
5
5
11
94
7
12
3
50
1
3
1
1
21
8
7
1
99
11
47
2
6
1
5
2
7
3
4
4
2
6
2
5
19
12
3
5
37
8
2
5
15
2
3
10
40
4
5
13
27
7
31
8
22
4
1
6
6
9
3
8
1
4
3
56
3
7
3
1
7
2
13
6
8
27
9
2
4
7
25
3
8
3
5
22
11
3
1
1
3
1
1
3
3
51
1
11
2
