3
0
22
4
6
3
3
9
2
17
0
13
4
1
0
0
9
7
4
23
0
5
8
0
5
13
5
9
1
5
5
6
3
5
3
7
2
20
0
8
2
9
2
12
5
6
6
3
7
6
2
15
10
3
1
24
4
1
3
6
9
3
10
7
5
3
4
5
50
10
1
5
12
6
5
28
11
4
4
8
11
0
12
6
7
6
1
1
3
1
4
2
7
3
6
1
3
4
2
8
7
3
6
3
11
5
3
18
23
2
6
7
11
9
10
14
13
1
3
2
9
5
3
5
2
11
2
11
17
5
44
6
1
2
4
6
3
1
3
3
2
2
3
7
0
6
6
8
25
4
1
2
9
5
1
3
4
1
2
13
9
6
21
8
40
8
3
6
1
1
2
5
6
15
25
2
6
1
95
2
1
3
7
0
12
15
1
7
7
3
17
79
2
5
1
2
36
16
3
2
1
15
1
9
4
0
3
3
5
37
10
5
12
13
1
8
36
6
2
5
5
2
35
0
2
10
7
11
6
5
36
41
5
14
22
7
0
10
5
5
7
5
12
6
8
64
22
14
15
7
2
6
10
5
3
2
6
14
3
7
6
10
63
6
2
3
7
1
4
1
0
4
4
6
3
1
0
5
1
9
2
16
12
11
4
14
3
2
