7
6
13
5
4
1
1
2
1
12
11
8
2
8
2
2
3
12
8
5
13
9
4
1
2
4
30
8
1
1
14
2
12
4
3
7
4
8
1
2
1
2
11
5
20
2
10
1
3
9
1
21
19
7
6
2
11
2
2
4
7
0
3
2
4
9
6
2
11
17
3
6
11
9
5
6
2
1
12
1
2
2
3
9
4
0
54
9
66
2
4
4
4
6
1
8
3
11
1
4
2
1
10
9
20
6
2
7
5
10
9
20
1
3
6
7
14
5
16
1
18
1
3
10
1
3
13
12
6
19
3
7
6
36
24
11
36
4
1
6
14
3
3
4
4
5
1
5
20
1
35
5
1
1
14
4
7
4
28
5
9
36
2
5
14
1
3
7
1
3
3
5
5
3
2
6
7
3
2
23
2
7
8
7
0
2
9
21
1
2
3
1
2
1
8
11
6
0
6
22
2
3
2
16
2
5
3
5
4
55
4
7
10
7
7
10
12
1
1
4
2
1
3
98
2
16
3
13
4
2
16
8
17
1
4
5
9
5
5
1
2
5
1
10
6
8
23
1
2
5
16
2
3
4
1
35
9
2
2
13
5
14
21
2
43
14
1
2
2
1
7
17
1
1
1
10
2
12
14
10
8
3
15
2
21
2
4
8
