5
2
0
1
6
4
4
2
2
0
1
0
5
17
6
5
7
0
19
13
3
5
6
0
4
19
4
7
5
0
10
1
16
9
2
28
10
17
5
16
6
1
17
3
2
3
6
6
10
17
2
8
5
12
4
3
11
0
12
97
3
3
5
8
18
5
3
2
16
17
6
2
10
3
3
5
3
11
12
1
5
12
2
4
7
2
16
6
2
8
12
6
10
3
5
6
3
1
3
3
16
0
12
6
2
6
12
5
2
4
6
5
8
0
1
11
10
16
13
0
16
1
0
3
2
12
3
11
5
3
13
3
3
4
6
18
6
6
5
8
0
16
35
3
4
3
1
9
8
10
6
25
2
17
13
3
3
29
5
34
3
1
5
20
8
2
5
7
8
97
3
13
3
1
2
4
6
6
1
0
5
2
7
1
2
2
2
8
61
12
6
4
5
0
2
1
3
1
3
3
32
1
2
3
13
2
2
6
3
8
3
13
8
4
63
3
17
48
2
0
33
11
21
5
1
3
9
7
1
3
13
16
11
5
5
5
10
4
10
2
1
7
0
66
22
3
2
7
6
5
13
4
12
11
3
10
6
8
8
11
7
5
10
1
1
6
3
10
2
5
6
5
2
5
2
1
2
8
14
13
0
8
5
6
8
7
3
4
