4
5
4
11
7
12
16
12
33
0
1
9
2
5
7
42
11
1
23
1
1
2
2
2
48
12
15
5
9
68
2
14
3
13
54
1
9
0
16
11
18
88
42
64
2
2
4
2
45
40
4
19
3
2
7
2
1
6
1
1
1
2
14
5
7
42
82
3
13
16
2
2
5
3
6
5
5
9
5
4
87
2
5
7
2
9
7
21
7
1
42
2
2
4
18
6
7
25
6
6
5
10
11
2
6
8
3
8
2
9
4
26
1
13
9
1
2
2
1
20
6
8
3
2
4
4
4
10
6
6
5
4
1
2
4
6
5
5
58
2
1
1
2
10
7
2
2
9
5
3
3
3
8
7
27
3
5
8
5
7
7
11
1
0
10
10
5
2
5
27
18
5
14
4
8
23
24
37
60
7
11
2
6
8
2
4
18
5
16
4
5
2
7
3
6
16
18
7
3
6
3
7
12
12
2
4
1
2
2
7
3
0
3
4
30
11
0
80
1
8
61
17
19
8
2
7
9
2
12
3
7
15
6
1
3
67
6
23
3
4
5
40
5
9
2
1
3
5
4
1
27
2
3
8
7
6
4
2
8
1
1
3
3
3
33
15
10
45
7
26
4
1
25
5
6
9
2
1
4
7
12
11
3
5
0
3
13
9
