2
30
3
6
9
8
3
1
10
3
16
67
4
3
5
10
2
8
8
2
2
3
4
5
4
1
8
3
2
3
6
26
9
3
2
88
4
4
0
7
1
9
5
2
5
4
2
7
3
7
1
4
2
11
13
3
20
6
3
35
42
3
2
4
2
3
3
11
9
1
4
3
1
6
9
1
4
6
5
7
30
2
4
3
9
12
1
1
3
1
4
0
1
8
6
44
4
96
13
1
9
3
3
12
1
3
21
1
46
8
89
1
19
8
1
2
7
29
4
2
19
60
3
6
1
2
5
23
3
1
3
13
5
3
1
17
13
1
0
2
9
3
3
38
28
5
12
12
7
2
3
19
30
5
1
13
4
1
5
6
7
12
5
8
5
9
3
23
2
5
1
9
74
1
13
6
2
5
1
24
2
6
9
7
5
6
5
6
10
24
2
8
3
28
10
1
4
7
2
11
3
5
99
98
5
4
0
13
4
8
9
9
5
65
49
5
3
2
24
6
4
1
26
6
2
1
2
2
2
3
21
1
3
56
5
60
9
2
52
3
4
5
2
1
91
33
7
9
3
7
3
2
1
5
1
8
4
2
5
5
10
5
3
1
8
4
1
13
5
3
3
9
24
45
18
18
3
5
3
23
3
6
5
1
12
8
62
12
