8
2
9
5
11
8
3
5
1
10
3
7
16
12
16
2
12
2
8
4
2
2
36
3
6
23
14
17
0
7
19
4
33
6
3
6
3
16
2
3
2
2
2
1
0
18
9
2
2
4
8
39
3
26
1
5
5
1
3
6
4
3
14
8
5
14
10
2
5
6
51
2
7
3
7
5
4
58
6
2
6
8
8
5
8
6
4
11
11
2
10
6
7
91
20
26
5
7
10
5
2
3
0
5
11
4
5
3
7
1
2
6
6
1
0
5
3
5
8
5
6
2
2
6
10
2
4
9
14
6
6
2
28
13
3
7
11
10
1
3
2
5
4
3
8
3
2
6
3
6
1
18
15
2
6
5
8
6
29
5
2
3
10
16
98
5
4
3
0
20
98
15
5
7
17
3
2
4
2
5
5
52
6
13
10
7
12
8
14
61
2
18
7
5
1
8
2
4
5
1
9
1
3
54
6
20
19
3
7
1
27
8
55
2
11
57
5
7
8
9
24
9
9
2
2
8
2
31
3
2
9
8
2
3
2
1
1
3
26
13
1
28
6
1
2
3
7
2
5
3
11
3
5
24
19
9
6
6
9
5
7
5
1
5
14
7
11
14
16
1
11
5
21
6
4
16
11
3
7
3
88
3
8
10
10
52
2
5
