9
6
3
1
4
0
2
24
8
44
5
12
6
4
1
12
6
3
14
1
2
1
2
43
11
9
92
3
7
45
5
2
13
11
3
3
2
12
5
3
16
15
6
6
1
10
5
25
2
1
42
14
3
4
15
40
4
5
12
7
17
3
6
3
0
0
4
1
1
4
9
1
16
13
3
2
9
6
9
3
5
2
6
47
3
2
3
18
96
6
10
26
6
5
7
5
3
2
9
89
9
14
6
8
3
1
2
12
2
3
6
5
10
1
4
3
5
5
19
5
6
1
75
12
4
61
12
9
8
7
4
3
8
7
52
52
10
1
5
1
1
1
2
2
1
53
9
9
6
5
5
2
1
7
1
5
5
7
12
2
13
6
15
4
97
10
10
3
99
1
0
99
4
5
3
1
7
5
2
5
5
2
4
1
99
27
17
17
5
3
3
0
8
3
6
5
0
13
7
5
1
6
7
2
6
12
9
6
39
4
8
14
6
1
3
20
15
49
6
15
1
9
15
4
37
96
1
1
17
10
2
12
3
2
22
8
2
2
1
3
11
4
4
5
1
17
12
8
4
6
6
16
1
5
1
11
12
5
26
16
4
3
17
1
4
17
13
7
0
7
1
91
10
1
17
14
6
2
16
7
10
5
1
1
3
1
12
16
