4
4
1
98
5
3
1
1
2
1
1
10
0
2
7
3
11
59
2
10
15
4
5
14
0
18
7
3
19
8
10
3
4
4
4
1
2
4
4
2
0
3
14
13
9
1
3
4
5
4
2
3
2
9
4
5
2
3
1
3
8
3
2
2
6
42
4
3
11
6
2
5
3
5
2
19
3
4
6
1
1
51
36
5
5
2
35
13
11
5
5
2
1
54
11
7
5
18
1
18
35
14
6
6
4
7
2
4
12
5
1
6
1
3
3
2
2
6
2
7
12
2
2
0
7
4
7
2
24
11
15
2
13
2
9
1
3
7
4
7
4
1
8
10
14
5
4
0
4
26
6
1
2
1
5
21
7
0
2
1
8
12
3
5
5
4
5
2
8
5
3
6
7
10
5
42
7
8
2
2
1
20
4
2
5
9
7
1
6
5
40
11
3
2
10
1
10
2
2
2
9
5
2
3
7
1
22
52
1
23
9
1
2
11
4
20
2
27
17
5
7
2
1
3
7
29
38
5
1
5
5
11
53
6
2
5
7
2
6
2
4
6
2
13
4
4
5
1
6
5
1
1
11
0
1
1
2
43
13
2
3
10
1
8
0
3
6
5
11
14
12
5
13
89
41
2
4
13
2
9
2
7
10
1
7
2
3
9
