2
0
6
4
4
2
6
3
1
83
5
2
2
2
4
19
2
6
5
5
1
14
2
86
5
4
4
2
2
7
4
5
5
1
38
2
2
8
13
1
6
31
7
18
13
15
12
5
6
1
11
20
3
11
3
1
4
4
5
4
9
2
3
14
10
2
4
2
6
1
3
4
1
3
14
3
11
18
8
48
5
6
8
10
2
4
7
1
21
5
14
47
1
2
11
4
29
6
3
1
6
12
8
5
5
2
14
4
5
6
5
1
8
4
8
2
14
2
8
9
11
12
4
2
1
2
4
3
7
2
63
5
14
1
6
3
0
13
5
48
5
0
0
20
2
2
4
4
5
5
3
1
6
2
10
1
12
10
3
18
7
7
6
11
7
9
19
40
12
2
1
5
2
12
1
3
1
3
4
2
1
19
3
1
21
8
59
5
2
5
6
5
61
43
0
5
13
1
9
9
41
1
22
12
4
1
6
41
7
7
20
6
6
14
7
2
6
9
0
5
5
19
4
7
5
4
3
14
8
37
35
13
6
5
63
63
57
5
3
3
13
5
4
3
3
26
49
1
7
6
3
1
1
1
5
9
11
6
12
16
10
7
16
1
31
1
99
5
5
8
13
3
10
7
12
10
2
2
11
0
3
7
1
10
61
5
11
5
