5
3
2
4
2
9
2
27
6
13
9
3
2
0
1
5
3
19
3
2
3
6
4
18
5
5
16
2
18
36
13
4
3
2
32
5
3
1
2
12
10
1
4
4
2
8
5
7
8
7
8
97
40
5
9
21
20
21
6
14
11
1
2
11
5
12
5
10
25
5
6
15
74
5
34
3
7
6
4
27
18
1
6
10
5
2
1
6
6
16
8
2
0
3
6
9
3
3
29
5
9
8
3
3
7
5
3
4
8
12
6
12
2
6
12
5
6
4
24
6
3
4
13
7
13
8
5
28
3
28
6
3
0
13
3
71
8
3
6
5
9
7
2
5
6
5
8
0
1
24
2
2
98
1
4
2
1
60
4
13
0
25
0
19
1
3
1
2
12
76
5
4
10
17
9
0
13
3
2
14
4
5
5
6
3
6
1
2
1
1
1
12
2
25
2
3
3
4
6
11
11
54
1
39
2
3
1
6
54
5
3
55
1
4
5
6
19
5
7
3
3
26
4
2
20
7
9
8
9
3
2
3
48
14
6
20
3
5
3
23
8
5
5
65
7
4
53
2
6
17
2
11
14
17
9
5
5
3
20
0
14
2
4
2
9
4
28
4
1
8
1
3
3
6
5
9
3
6
2
12
7
3
5
11
13
3
7
7
