2
5
43
1
4
13
1
11
4
20
1
7
2
14
1
40
11
3
0
16
6
9
2
2
3
20
18
2
2
47
1
7
55
21
3
2
3
3
0
21
2
12
2
6
23
1
14
66
3
3
1
22
1
1
9
1
21
3
1
5
3
8
6
3
5
3
5
1
8
18
6
4
3
3
9
95
28
3
4
42
3
3
32
22
10
42
5
5
1
2
3
25
4
56
7
51
6
6
6
2
7
10
8
10
11
3
5
8
3
4
6
9
2
4
9
6
4
5
6
4
10
4
6
58
1
5
6
94
1
1
97
8
1
1
2
6
7
1
1
4
12
3
15
7
1
1
9
5
10
4
2
5
4
7
2
26
5
5
3
12
33
2
6
3
4
26
3
4
3
5
7
16
5
2
13
3
1
3
5
2
16
13
2
13
27
15
2
4
13
16
35
0
3
15
2
13
3
4
1
5
5
1
9
4
93
33
12
0
10
5
5
2
1
3
12
3
0
2
0
2
2
7
13
1
3
2
2
5
17
1
2
3
82
7
1
10
6
2
5
2
4
2
20
6
2
6
3
6
14
4
2
3
2
1
10
3
9
4
2
9
1
12
3
4
8
12
3
15
2
11
4
13
5
3
9
2
3
1
4
58
8
7
2
9
5
8
2
6
