6
3
3
10
3
7
27
3
12
5
3
5
54
5
5
6
12
6
14
10
2
5
17
3
8
6
3
7
0
7
7
1
3
1
26
0
6
1
15
4
1
6
8
4
11
23
7
1
3
3
10
9
9
27
2
14
5
3
3
3
3
0
3
11
96
2
1
25
5
1
6
4
7
6
27
7
5
1
3
10
1
3
43
5
3
4
93
1
2
14
6
1
3
6
7
46
1
3
5
1
14
4
3
1
5
5
10
5
1
12
4
4
2
1
9
2
4
1
71
12
5
14
1
5
2
5
1
12
24
0
1
12
19
5
1
52
2
4
22
1
3
11
3
4
9
3
1
5
9
5
77
10
9
6
6
10
15
5
12
4
3
17
5
9
8
8
39
9
4
7
31
3
6
7
5
10
0
46
1
8
10
7
5
4
7
5
16
4
1
10
1
1
3
7
6
1
2
52
3
2
9
17
4
5
4
3
10
2
5
98
99
4
0
7
6
2
94
6
1
5
11
4
1
12
18
2
7
7
5
1
2
5
6
6
2
3
3
15
2
21
22
7
53
45
15
27
1
3
16
34
7
2
12
0
2
3
2
1
9
3
13
87
3
38
3
3
14
6
5
7
2
8
3
13
13
10
3
25
5
4
3
29
3
0
63
13
25
9
