1
3
5
16
5
3
16
8
2
5
2
23
4
5
5
6
1
3
14
1
20
3
0
10
37
3
6
7
6
10
1
1
3
6
27
99
2
30
4
9
81
2
81
6
2
13
6
3
38
8
2
26
5
4
17
3
4
13
14
62
2
7
3
2
2
9
3
1
6
6
60
5
14
2
57
2
3
3
1
1
2
2
3
4
1
5
5
13
2
5
2
23
3
2
9
0
3
2
8
3
7
11
1
20
1
3
11
9
2
2
6
3
4
4
9
4
1
0
1
7
6
12
8
4
24
6
26
3
6
6
2
5
8
5
2
42
4
1
7
7
1
16
0
10
4
1
8
5
12
1
14
10
81
11
10
37
3
1
7
12
24
43
7
5
11
6
58
3
10
6
2
1
7
5
2
2
5
95
2
5
2
5
6
18
1
3
3
6
1
6
2
1
1
13
29
1
5
51
1
12
0
5
64
5
11
6
11
8
7
3
6
8
1
39
3
2
3
7
7
5
10
3
3
3
5
5
6
11
58
4
19
5
58
7
5
3
4
64
7
3
3
1
26
3
44
17
10
1
2
2
7
8
9
5
8
7
2
7
11
3
3
8
7
3
2
6
6
3
2
2
3
3
2
1
9
42
5
3
1
5
2
7
3
12
2
2
8
4
