6
1
17
5
6
0
5
8
7
2
2
1
2
0
4
4
3
2
1
4
10
2
1
0
3
5
1
19
11
4
30
3
2
10
2
8
7
44
9
2
4
11
2
89
12
6
5
3
3
2
8
8
3
3
13
2
4
8
14
1
7
6
4
2
9
3
98
7
18
2
12
6
1
3
2
1
8
8
2
5
12
39
8
2
7
1
86
6
1
7
3
3
11
6
5
1
8
6
6
6
12
6
5
12
8
5
5
2
8
4
6
1
7
11
1
98
3
2
2
3
7
12
3
1
1
5
4
5
6
4
2
2
15
4
8
6
5
2
5
9
12
12
6
1
1
10
14
1
2
63
1
2
2
1
13
2
56
2
25
3
4
9
17
18
38
1
1
38
9
1
12
5
1
4
0
15
6
25
10
1
6
4
2
3
7
7
2
12
5
26
24
7
4
6
4
15
1
7
2
5
30
11
8
15
7
5
8
2
10
2
3
79
32
3
1
2
5
3
3
5
2
15
5
3
5
1
2
5
3
3
6
3
2
27
4
2
13
5
8
3
24
5
3
3
8
5
3
7
3
34
3
13
4
6
8
32
2
4
31
3
3
5
8
39
31
6
42
3
1
11
7
3
4
7
2
1
2
25
4
4
4
7
10
1
2
5
4
46
