6
2
4
2
5
2
3
7
2
2
3
1
2
8
3
1
11
34
10
3
12
4
9
3
1
3
1
3
1
1
6
6
83
20
5
8
4
2
19
11
3
5
6
3
8
6
8
9
18
5
51
2
13
1
6
36
4
6
3
4
4
3
10
9
6
6
15
7
1
15
4
3
2
8
5
12
4
1
10
6
2
11
7
10
21
14
2
6
2
3
3
2
2
2
5
3
5
5
4
84
5
5
12
26
8
13
2
2
7
2
3
3
7
9
2
9
1
6
3
6
6
24
12
4
8
6
11
3
14
3
6
3
6
9
3
7
13
12
5
2
4
1
20
3
11
2
9
2
2
1
7
1
13
38
3
9
6
5
10
11
3
1
4
2
1
0
6
98
1
2
4
4
9
2
7
5
47
1
2
5
1
96
18
1
4
3
3
9
95
8
6
11
1
2
4
1
11
36
6
12
7
5
2
6
5
12
5
4
5
2
43
33
44
3
3
3
3
4
14
3
6
11
5
7
4
3
6
9
2
0
3
0
1
6
13
5
1
3
7
3
7
18
9
1
26
14
3
78
11
4
14
51
8
2
6
5
7
1
2
3
3
5
4
5
14
2
9
5
10
4
16
2
7
11
0
51
10
2
5
13
6
5
6
5
5
3
3
3
