5
15
5
12
29
0
4
2
8
12
27
4
4
0
6
6
1
44
16
14
6
3
8
3
7
2
9
1
2
7
39
0
30
23
3
2
14
13
57
1
2
18
7
8
3
6
2
9
1
3
12
8
9
1
5
10
5
14
0
3
28
5
26
11
3
1
9
47
7
1
4
1
11
13
8
9
2
1
3
16
9
2
3
1
1
5
2
3
5
8
5
8
2
1
3
1
11
4
10
10
9
1
4
45
53
0
2
3
5
11
1
12
4
11
3
9
12
12
15
3
3
2
2
11
11
9
2
7
14
13
4
2
5
10
4
28
7
3
43
4
3
11
32
17
8
3
1
16
30
29
13
1
97
4
3
7
1
8
21
7
2
2
9
21
21
1
57
2
3
1
25
2
9
3
3
4
2
21
1
6
1
15
9
11
9
42
9
15
2
3
1
1
13
7
1
8
1
5
1
0
9
1
2
55
4
19
15
50
4
5
6
1
2
2
33
97
4
19
28
1
80
4
2
13
7
51
10
2
11
5
0
4
12
2
0
30
1
2
1
16
9
4
6
3
6
8
10
11
4
5
1
9
5
5
1
8
75
0
11
4
2
1
2
5
12
18
1
6
12
14
68
9
1
8
1
7
3
3
3
3
7
13
0
1
6
3
1
10
