7
0
29
3
20
5
4
2
11
1
13
50
4
16
5
4
3
19
50
9
2
16
5
3
3
4
9
2
10
3
1
40
4
10
7
18
3
2
4
1
2
3
5
10
44
22
3
15
4
12
1
2
3
10
9
6
61
4
1
8
1
80
2
4
4
3
4
10
1
5
3
14
3
42
88
20
3
5
7
7
28
2
6
2
1
18
88
8
6
1
2
13
87
12
41
43
3
2
1
10
6
2
4
4
11
3
7
93
2
8
14
6
6
20
10
3
4
4
3
2
7
6
2
10
5
4
9
7
10
91
10
62
12
5
5
4
1
6
10
14
2
7
5
2
3
2
5
26
11
5
7
40
7
61
35
65
2
1
7
1
6
45
1
3
2
3
2
7
13
4
2
0
6
26
1
6
14
6
53
1
8
1
27
8
12
3
0
5
3
6
7
3
7
4
7
12
12
2
2
4
1
4
26
2
2
2
1
4
4
61
12
4
66
8
5
2
6
7
1
3
4
47
1
3
2
12
8
1
1
3
5
4
2
3
21
11
12
1
3
12
9
51
2
2
1
8
36
6
5
5
3
10
5
1
9
7
1
15
2
31
3
10
6
38
3
30
7
8
6
3
3
8
2
66
12
3
3
7
6
29
1
3
3
5
46
3
2
12
