3
9
10
3
24
12
12
10
2
6
21
1
3
6
10
6
1
16
62
2
0
0
14
22
7
6
3
1
3
52
36
97
5
0
15
1
12
7
14
15
3
13
7
12
9
1
2
8
5
19
2
5
31
10
23
1
3
5
5
4
8
12
2
5
11
4
8
28
5
14
2
86
6
6
3
7
3
1
2
2
1
10
15
1
8
5
6
24
2
3
11
2
7
2
3
5
80
5
14
5
5
11
13
1
15
93
7
5
8
1
2
72
2
8
1
1
6
33
6
3
5
6
5
16
7
0
5
6
10
4
7
26
2
5
22
41
9
11
1
11
1
6
5
3
7
9
19
5
6
4
0
3
7
8
2
5
1
8
5
19
5
83
2
3
5
7
2
1
3
6
11
44
5
0
5
7
4
2
18
8
2
10
4
6
11
16
14
13
1
2
3
1
3
1
6
7
4
2
9
18
11
2
2
2
18
10
13
56
2
5
95
3
3
2
2
3
21
2
14
21
7
2
2
6
6
57
1
21
2
43
2
6
7
17
5
11
51
45
5
5
0
8
47
7
5
11
1
11
4
1
11
27
34
41
4
10
2
7
3
9
34
18
7
3
4
14
4
1
1
0
4
5
29
3
3
7
14
4
8
8
87
6
4
18
12
86
4
4
