12
1
1
16
5
1
22
1
8
3
19
5
6
4
9
10
14
9
0
18
0
6
4
3
3
1
12
1
1
14
9
7
2
7
8
6
5
11
1
98
1
6
5
10
3
9
2
54
47
4
6
4
1
4
5
3
3
14
0
3
12
17
6
15
4
6
12
3
4
3
4
10
4
3
4
8
38
4
3
2
4
3
3
2
4
8
1
2
4
11
3
3
4
50
2
8
6
3
1
8
4
12
7
3
10
5
32
3
3
4
55
4
2
37
4
12
2
12
5
1
10
5
14
4
2
4
13
8
1
6
3
21
4
5
10
62
5
2
5
6
6
8
5
2
5
3
0
34
98
4
5
81
12
5
3
3
10
2
98
13
12
14
3
4
4
3
5
9
5
10
66
1
4
6
6
1
7
2
98
3
14
0
13
5
1
5
7
3
15
4
11
9
2
16
5
14
5
4
86
8
1
5
7
1
15
5
1
0
14
2
7
2
2
3
3
13
73
15
10
2
98
9
3
15
6
26
2
15
1
5
7
7
9
10
2
8
10
19
36
0
3
30
13
20
12
2
1
18
3
0
9
4
9
2
6
6
41
3
2
5
7
1
4
12
12
16
5
0
6
2
12
5
11
3
9
1
8
2
3
3
3
2
6
5
3
3
7
8
