6
14
12
2
2
5
3
15
3
3
2
5
2
6
12
3
1
10
7
1
8
9
2
2
4
2
2
3
6
8
1
5
9
6
3
12
1
0
2
3
8
12
15
9
2
10
2
5
4
8
11
3
2
8
7
3
4
2
2
2
13
9
8
13
2
3
8
34
6
6
21
3
0
2
8
11
1
1
4
2
20
8
13
10
2
8
7
2
11
5
0
2
84
2
5
3
83
4
2
0
12
1
10
2
1
17
8
9
2
3
2
2
1
9
4
9
1
4
10
2
2
14
4
4
10
12
8
2
1
7
3
12
5
26
3
11
13
3
3
19
0
2
0
24
3
1
0
7
0
9
2
5
1
3
45
0
3
93
18
90
1
1
11
94
2
0
10
1
3
41
1
1
7
1
17
0
2
6
1
6
6
13
2
5
4
1
1
18
4
9
2
6
2
19
0
5
1
2
2
1
3
2
10
3
8
1
1
4
2
6
6
10
13
6
1
3
4
9
83
10
1
5
21
7
5
8
2
8
1
1
2
5
12
3
4
8
13
5
1
55
6
2
6
4
10
4
3
11
4
6
9
10
2
4
3
10
8
1
2
3
5
5
6
6
6
1
6
28
8
2
4
12
4
4
2
2
6
17
5
6
5
1
2
3
8
2
2
8
