19
18
7
16
7
6
12
2
3
2
3
3
0
26
9
1
9
10
1
6
11
10
4
1
11
8
20
97
53
2
2
0
0
3
2
8
2
9
10
12
28
13
9
3
1
6
10
4
7
12
4
2
42
2
1
2
18
20
7
42
8
1
11
8
3
4
25
5
1
3
97
6
2
46
3
13
1
31
1
5
10
3
2
3
5
2
12
2
5
4
5
1
5
3
5
3
9
8
99
8
2
6
7
1
6
1
6
1
6
1
2
6
4
8
3
9
5
3
3
1
43
15
1
5
9
8
6
7
62
1
8
3
2
1
5
11
2
2
3
3
4
6
2
11
6
6
7
1
5
7
3
7
2
2
3
9
3
7
8
5
5
23
15
10
7
1
10
3
3
3
4
21
3
5
8
2
6
2
2
5
9
13
1
6
7
1
13
4
2
4
5
13
1
4
45
1
2
7
8
1
14
7
3
12
2
17
1
5
5
9
1
5
8
5
6
7
5
1
67
5
1
2
3
9
5
1
3
5
12
7
2
4
3
3
5
1
2
5
9
8
63
13
2
3
5
3
2
0
1
5
1
3
34
5
6
53
70
41
1
6
7
7
1
2
9
2
8
42
5
3
4
7
10
3
5
1
1
9
3
1
7
6
6
5
7
2
12
4
