13
27
3
6
8
25
0
26
0
41
11
16
3
13
36
3
4
6
7
1
8
3
1
4
10
5
16
15
2
14
12
1
2
3
3
2
6
2
7
8
10
6
8
6
59
47
3
2
6
20
24
1
88
2
6
3
9
2
11
2
4
1
1
6
1
1
6
3
4
1
66
2
7
1
11
1
6
2
2
1
5
18
7
2
6
12
14
1
1
13
10
12
15
1
67
2
12
2
6
1
1
10
9
5
97
2
4
8
2
1
1
2
1
7
48
2
1
6
3
56
6
10
4
9
2
4
3
48
2
1
4
5
1
6
3
8
1
6
1
8
8
3
21
5
4
55
5
9
11
22
10
8
7
27
16
2
2
2
4
3
7
3
3
2
3
3
8
4
6
20
0
26
3
54
7
12
6
14
3
3
4
2
8
5
27
52
1
38
3
4
6
14
5
2
26
3
0
6
3
6
6
0
6
11
5
1
2
5
1
3
3
0
5
6
21
8
2
10
2
5
2
11
1
9
3
0
7
12
17
15
2
0
2
7
2
6
11
5
1
1
25
1
2
4
2
6
2
6
5
2
10
6
10
1
8
3
1
1
4
6
3
5
5
2
5
8
16
5
3
42
4
16
4
11
8
1
6
2
1
4
2
24
8
5
1
2
10
1
