5
3
7
3
14
8
34
22
24
35
5
1
4
5
5
3
5
7
6
4
0
12
5
10
10
4
3
11
20
8
1
1
6
4
4
19
4
12
2
2
36
2
21
21
1
8
4
6
5
6
1
3
1
5
6
7
10
10
19
61
11
3
8
2
18
6
3
5
9
3
66
3
4
1
3
7
0
5
69
12
1
5
2
1
2
3
1
2
7
5
7
17
2
6
3
1
3
1
8
10
1
7
12
98
13
3
8
1
4
2
6
2
9
1
6
6
3
3
5
1
31
5
10
5
7
2
1
5
1
1
31
5
11
8
10
13
1
3
16
6
2
3
2
1
4
4
42
9
3
1
9
4
21
16
18
17
9
26
36
1
2
4
9
52
14
8
4
1
6
6
1
8
7
99
3
2
12
16
2
3
23
9
1
13
2
11
3
12
4
13
21
36
13
13
7
2
2
7
1
1
53
2
2
0
48
1
2
66
3
6
11
2
2
5
4
5
5
6
2
5
9
43
2
57
3
9
0
0
6
98
3
1
2
13
2
2
11
14
3
3
94
6
1
2
1
6
5
3
3
9
2
3
7
12
4
9
1
10
11
4
9
5
3
2
4
9
7
10
2
9
1
2
5
5
4
1
0
9
12
15
14
4
3
8
1
1
4
5
