5
1
3
6
0
9
11
4
18
8
2
7
3
18
19
1
4
5
94
5
5
1
10
2
4
2
9
8
0
2
19
0
2
4
5
3
5
5
8
18
0
12
1
1
3
3
6
11
9
4
3
51
3
11
1
6
3
1
10
4
7
2
3
57
2
33
3
32
4
8
2
5
12
4
2
2
3
1
3
34
1
2
12
3
2
2
6
12
12
4
6
3
3
6
8
12
12
6
38
6
1
3
2
4
8
1
8
2
2
5
4
37
3
18
2
2
3
5
10
2
4
55
11
17
1
2
5
6
1
5
9
2
2
0
0
2
4
10
4
7
5
25
10
11
4
7
2
2
1
95
95
9
0
3
6
41
98
3
1
11
44
5
10
40
13
1
1
31
2
2
9
4
6
3
1
1
11
3
2
4
8
2
2
7
32
3
1
3
3
28
15
13
14
1
11
2
1
4
8
51
52
3
5
1
13
57
3
1
6
4
13
5
1
21
23
14
12
52
2
5
28
4
6
7
12
2
8
5
5
4
1
27
15
1
4
51
25
1
9
54
2
3
7
7
6
5
1
50
6
88
7
6
0
6
6
5
13
16
5
1
5
42
8
15
11
4
7
23
24
6
11
16
4
3
2
0
6
3
12
2
7
3
49
6
16
3
8
12
