3
2
1
6
3
2
1
9
5
33
5
6
5
3
16
4
3
4
2
7
3
6
1
92
1
3
3
2
5
69
1
2
9
4
7
11
8
25
26
5
12
3
7
3
11
89
12
89
7
4
27
20
4
11
6
6
1
4
3
7
8
6
9
3
3
8
28
18
14
13
4
38
1
11
1
9
1
4
7
13
10
13
5
16
3
11
3
11
10
81
27
11
5
3
8
12
51
6
6
16
6
3
4
2
5
7
54
2
24
3
1
7
13
10
21
34
60
8
1
1
2
30
1
6
10
1
12
3
99
6
8
8
12
55
3
2
1
1
11
10
21
69
3
14
16
4
7
20
5
5
7
4
7
4
10
2
5
2
29
1
5
5
12
9
7
14
5
6
14
4
3
5
8
15
5
3
9
4
12
9
16
1
9
4
4
3
6
16
7
42
0
8
4
14
10
62
44
4
2
6
13
6
8
2
6
5
5
7
21
11
2
2
3
1
5
21
48
5
9
52
13
57
18
7
1
4
9
7
4
7
5
3
4
4
77
6
10
2
5
2
3
3
1
7
51
8
1
15
13
18
1
6
2
4
4
1
6
14
4
1
27
7
7
9
27
3
29
3
1
29
0
1
7
8
6
2
13
14
4
2
7
2
4
0
2
6
1
3
