6
0
3
0
27
5
35
5
5
5
5
9
9
11
10
32
4
3
5
5
5
17
4
5
18
10
10
7
3
1
41
8
3
3
4
3
6
2
7
4
3
2
5
15
68
0
7
1
26
9
15
0
26
3
2
2
4
3
1
22
1
97
4
6
17
23
5
3
9
0
3
23
8
2
97
3
11
4
9
1
2
50
0
1
4
4
3
28
3
4
9
3
14
4
10
3
3
12
4
11
1
2
4
3
27
1
10
4
2
5
3
12
6
3
12
10
14
97
1
9
6
16
1
2
36
5
13
47
4
59
10
96
1
7
1
15
4
3
1
4
6
17
11
5
3
11
2
6
2
3
3
4
7
12
1
4
1
2
3
6
41
15
2
35
10
1
99
1
6
5
15
6
9
99
11
2
14
1
5
1
1
11
4
10
7
4
1
11
25
9
16
3
3
41
1
3
3
2
77
43
3
2
2
5
11
98
3
3
5
6
13
18
7
5
1
8
50
12
6
3
7
15
4
4
2
22
5
4
18
6
12
6
1
9
5
10
5
2
3
10
3
3
1
3
1
6
3
9
17
18
21
42
83
2
30
5
3
14
13
11
9
9
6
9
7
1
27
1
25
2
2
1
18
14
2
4
1
1
7
12
9
8
3
4
21
3
9
9
