6
8
28
9
12
1
42
9
10
3
7
3
6
2
7
7
23
5
5
4
3
4
8
44
12
3
6
1
2
6
3
7
2
3
12
10
11
49
2
5
6
11
4
12
2
97
3
4
1
2
6
6
6
4
1
1
1
13
6
5
5
2
14
11
6
3
6
8
1
2
2
30
1
6
1
1
6
11
3
7
8
8
56
17
3
1
14
2
3
4
1
3
11
7
18
3
10
11
6
48
6
13
4
4
1
15
6
13
1
51
43
51
49
6
1
12
6
10
13
17
4
0
9
6
5
54
8
2
4
13
1
8
2
2
6
7
4
7
4
5
13
0
2
7
5
4
6
4
15
10
2
6
7
6
6
17
2
3
4
24
30
13
3
2
2
2
6
3
41
9
7
11
4
6
8
5
1
7
4
21
22
8
14
64
5
3
6
6
62
37
15
89
5
43
5
4
53
2
99
15
51
7
2
4
3
2
2
3
3
3
4
7
45
13
57
29
6
8
74
12
2
3
1
5
2
2
9
13
0
3
5
21
3
6
3
5
4
4
10
2
2
3
12
9
5
3
6
5
10
3
1
7
6
19
2
1
5
7
4
2
3
1
2
12
3
7
1
3
7
3
44
1
9
39
4
3
13
2
3
4
10
1
4
3
42
6
2
3
