2
6
5
7
2
6
7
1
1
5
7
2
25
8
6
11
3
3
11
12
6
5
0
11
2
5
8
8
14
3
0
1
4
5
2
4
8
14
4
2
1
4
4
8
1
2
5
7
3
5
6
14
13
3
21
5
6
3
19
19
3
5
6
9
7
1
2
3
72
6
5
0
6
4
15
12
7
5
4
7
11
2
52
5
45
17
11
12
6
4
1
4
9
5
8
0
5
5
3
4
10
3
1
0
0
8
6
5
3
6
1
28
1
14
9
5
3
0
18
4
2
9
3
0
13
25
2
6
4
2
9
4
2
9
80
5
5
9
11
31
10
6
13
1
12
0
8
4
5
4
6
6
15
3
1
2
3
12
0
5
24
0
3
8
1
4
0
5
58
8
4
6
8
3
12
61
3
2
4
22
8
9
2
6
1
2
1
3
3
2
7
15
5
3
6
61
2
41
4
0
5
13
3
11
63
1
31
10
7
15
2
2
1
5
8
3
6
3
4
0
4
10
5
12
12
0
12
51
3
5
14
45
8
5
8
1
27
8
2
0
7
1
5
7
1
3
99
8
1
4
9
15
2
99
17
7
1
18
3
5
5
6
7
11
2
3
2
5
6
3
16
8
6
0
7
2
0
4
7
2
2
6
2
1
50
13
5
3
