13
17
3
9
10
5
5
14
3
5
4
11
12
6
0
21
8
2
6
1
2
0
1
8
5
2
7
9
12
3
2
4
1
26
1
9
3
3
2
8
41
6
7
6
3
4
1
9
41
9
2
9
6
4
2
6
9
3
16
1
2
28
7
18
11
9
2
6
1
8
11
1
13
2
3
3
10
4
21
10
3
5
6
7
1
5
2
43
6
9
6
71
1
12
1
8
71
6
5
5
11
4
9
44
3
1
5
3
4
15
4
7
3
7
6
12
51
8
5
3
1
11
5
3
3
6
96
5
3
47
4
3
3
14
6
2
4
3
2
27
4
5
6
4
31
5
9
1
21
5
5
17
11
35
14
0
79
5
9
8
17
10
59
1
1
38
15
5
12
8
2
1
1
5
21
3
4
8
6
24
23
3
1
3
1
8
10
10
15
1
6
3
4
4
12
8
1
1
6
3
36
5
1
2
1
12
8
62
11
0
8
4
13
7
6
7
1
1
13
6
3
6
17
5
2
8
1
93
51
1
12
2
8
1
14
3
13
6
8
3
1
5
3
11
6
8
4
4
43
1
5
1
3
0
4
5
10
18
1
7
11
1
2
3
4
2
2
2
8
4
2
5
14
5
2
22
7
5
2
8
10
2
1
6
5
1
10
14
