3
5
2
3
25
16
2
12
2
13
14
36
1
6
7
2
6
10
5
3
4
11
12
1
12
6
28
11
47
3
40
1
6
12
12
5
3
1
10
3
6
1
14
2
3
24
6
0
7
16
3
1
20
2
2
13
27
2
18
2
6
3
2
11
42
5
2
10
1
10
45
3
99
2
1
11
7
2
1
6
2
2
7
13
2
3
3
26
4
9
19
4
9
2
4
9
1
1
2
9
1
2
1
2
36
2
8
2
6
5
1
1
9
14
5
5
7
4
14
1
14
17
6
97
13
1
2
3
1
3
7
7
11
4
1
5
1
6
12
15
1
6
97
4
6
6
27
4
9
1
6
4
3
10
9
2
6
23
11
8
1
11
3
17
5
7
3
3
19
14
13
6
7
3
21
0
46
1
8
3
5
3
1
4
7
45
4
14
5
16
3
3
14
46
8
6
2
1
7
9
4
6
9
2
3
2
21
3
4
4
6
3
4
2
4
4
3
4
21
3
1
4
2
6
1
4
0
2
30
6
38
3
17
1
1
2
8
2
3
2
3
5
3
36
7
6
3
8
8
51
3
8
7
3
14
6
1
5
5
41
3
7
2
1
6
8
10
12
2
18
3
1
24
2
26
4
1
14
10
1
2
3
10
11
7
7
2
2
