3
10
2
5
1
1
3
2
11
3
1
1
12
45
6
8
11
5
3
47
0
12
46
1
3
10
7
4
2
12
4
55
13
4
1
1
2
5
3
10
44
4
2
3
8
5
12
6
7
5
6
2
3
53
22
21
20
4
6
9
9
2
6
2
6
2
1
7
6
3
21
5
2
3
7
4
6
18
14
3
12
1
2
10
6
2
6
20
4
14
9
2
3
14
5
22
2
2
25
4
1
2
53
13
5
5
53
1
18
7
14
6
14
12
12
1
53
27
1
25
1
9
9
32
6
33
8
42
1
53
51
7
7
20
1
12
10
6
94
6
6
3
11
6
4
4
97
5
12
3
24
24
2
22
5
7
5
3
1
3
13
4
4
1
8
6
22
5
1
2
7
3
11
47
11
6
3
3
7
7
0
10
4
8
14
2
26
9
14
6
4
8
0
95
13
7
15
4
11
13
4
62
1
42
1
1
2
4
27
9
1
3
13
13
13
67
8
21
1
2
4
2
2
2
7
14
2
3
12
5
6
7
2
14
6
21
4
13
3
4
21
5
3
51
5
9
3
4
1
8
1
7
3
4
30
1
14
2
9
3
5
6
8
5
10
2
1
4
11
1
0
3
3
18
8
2
7
18
3
5
7
29
1
11
3
1
3
93
