5
4
3
4
3
2
3
7
2
3
1
3
5
10
4
6
4
4
7
15
1
2
2
12
2
8
25
8
7
3
2
8
12
1
2
10
18
4
14
1
9
7
4
5
1
2
7
4
8
1
6
13
2
2
2
2
1
6
7
21
3
2
3
2
4
11
4
4
1
2
8
2
1
13
14
4
2
8
1
4
14
6
3
4
21
11
4
1
1
10
64
2
15
1
5
1
11
7
8
25
3
4
4
8
8
1
11
8
9
2
11
0
3
1
6
5
10
19
9
2
7
3
11
3
3
1
23
2
40
34
4
2
3
6
17
8
6
6
2
2
12
8
1
6
0
3
6
13
1
4
7
2
16
6
2
13
10
6
15
16
3
7
12
10
12
41
8
46
5
6
28
9
2
7
12
13
11
13
30
33
1
16
0
26
13
2
5
7
1
2
2
3
2
19
10
15
1
3
4
1
1
19
5
0
5
6
6
53
2
6
4
87
0
98
13
2
6
2
17
3
2
2
10
2
0
1
13
3
5
2
11
7
5
13
1
8
11
2
1
12
8
1
2
3
2
2
5
7
4
2
6
3
11
46
7
6
2
6
2
6
14
9
1
49
98
6
8
7
42
5
8
1
4
6
21
21
1
2
3
1
9
16
1
2
5
5
1
6
