7
7
17
10
12
79
1
2
0
5
4
3
4
3
9
11
21
13
0
4
14
0
5
36
3
13
7
46
1
3
10
7
1
7
8
2
1
1
17
10
0
2
3
2
3
4
15
8
5
10
11
6
7
2
7
9
1
5
10
4
16
1
21
48
8
20
13
1
1
17
2
14
14
17
1
1
5
5
1
5
8
14
4
4
11
23
3
8
5
6
24
1
7
0
30
6
13
8
2
6
1
3
3
1
8
2
3
15
4
4
5
1
23
14
3
5
6
19
4
3
6
2
18
5
2
95
9
2
5
6
2
3
7
7
2
7
13
3
5
1
9
7
2
5
3
4
6
6
2
3
20
24
2
21
4
2
9
14
12
1
2
12
8
7
6
2
1
9
21
3
26
21
30
1
11
10
8
7
8
6
2
10
1
5
1
6
5
0
1
4
2
1
42
3
4
8
1
0
15
0
5
6
2
6
3
6
37
28
4
1
3
17
12
4
6
2
7
75
5
3
5
0
4
3
1
14
1
5
2
3
4
12
9
2
3
3
1
4
1
2
5
3
7
1
4
2
5
13
5
6
1
8
11
0
8
2
2
2
21
4
39
14
4
4
3
13
1
17
4
6
3
6
46
10
9
5
5
4
5
8
35
5
8
8
5
12
3
8
