6
1
19
28
5
4
2
5
25
2
7
5
12
2
11
5
1
4
5
10
10
2
29
11
3
0
4
1
3
1
0
3
7
6
0
3
0
27
1
41
11
16
2
1
6
37
19
4
60
2
3
42
5
6
3
20
12
6
3
3
4
2
1
7
25
4
29
2
3
9
7
1
5
54
1
48
10
7
6
3
5
9
4
9
6
6
2
2
2
1
6
7
1
2
1
2
2
12
4
3
3
9
13
2
4
17
1
1
1
2
5
4
9
4
6
2
1
12
5
44
4
27
12
1
4
14
11
1
4
15
96
10
13
8
3
3
6
1
2
3
7
10
5
26
16
2
13
7
6
18
5
8
2
3
88
1
9
2
6
2
35
3
8
51
7
11
12
10
8
1
6
58
9
16
9
12
2
26
2
6
5
12
16
2
2
7
4
18
10
7
3
7
7
10
10
1
1
5
25
43
1
15
7
2
4
23
9
2
2
2
31
12
40
7
8
5
3
18
7
8
3
2
1
3
49
5
2
99
8
1
9
51
4
22
8
6
5
8
6
8
11
3
2
12
3
15
11
44
2
2
3
4
1
8
6
2
3
4
9
7
39
3
1
23
1
2
3
4
3
3
3
13
25
7
12
2
1
2
5
1
4
34
3
0
2
3
7
3
