4
3
47
21
12
7
4
9
1
2
3
4
3
7
16
43
4
6
23
9
6
32
4
7
3
7
0
61
9
3
2
1
57
7
5
4
11
11
4
2
5
23
2
2
1
3
11
1
10
32
7
86
5
1
8
4
11
1
1
4
9
1
1
14
14
1
0
4
6
1
10
1
4
4
3
0
5
6
3
47
9
11
2
9
2
4
5
4
4
7
7
5
8
1
8
7
16
1
2
9
2
14
5
7
6
7
6
2
7
3
12
4
11
4
2
6
4
6
8
42
10
3
5
1
15
4
76
12
17
10
1
16
7
2
8
9
9
4
9
3
16
8
24
2
13
53
2
12
17
10
15
10
5
13
18
8
6
13
5
4
12
0
16
9
26
5
7
11
1
4
6
7
1
1
17
9
4
2
9
7
5
1
8
11
5
2
3
6
3
2
3
9
5
3
8
4
2
2
1
1
2
5
4
97
7
9
6
8
17
0
5
6
1
6
2
1
1
5
3
5
5
1
2
40
4
1
5
7
5
2
8
2
4
1
7
3
8
5
2
59
5
3
1
5
8
8
7
2
68
4
4
3
8
15
8
9
14
92
3
1
5
3
11
14
1
40
12
2
9
4
47
8
4
0
9
2
2
3
3
4
4
7
11
2
4
7
8
0
