11
12
1
10
3
1
14
1
11
31
7
0
1
6
41
5
2
20
11
2
4
0
14
26
1
4
61
15
18
10
5
23
6
1
5
3
9
18
21
5
1
7
14
11
6
4
4
5
3
6
3
1
9
7
10
5
51
1
9
2
22
5
8
8
3
4
5
9
52
4
2
1
5
9
6
9
53
6
7
3
6
37
4
7
9
1
6
13
12
15
1
33
3
1
1
3
12
6
2
3
5
17
3
16
2
6
12
8
3
10
10
0
13
8
1
1
5
12
9
0
94
2
2
2
9
6
7
5
35
5
4
2
1
2
1
3
1
4
3
9
1
7
6
4
6
6
6
6
1
19
98
7
10
6
17
5
6
8
3
9
5
8
95
7
39
7
17
12
4
2
13
5
2
1
6
66
4
6
1
95
5
6
5
5
50
3
4
6
2
4
95
15
2
4
29
3
22
14
1
7
6
19
89
0
14
1
7
6
11
1
2
4
38
3
96
4
0
31
7
3
5
58
1
2
12
3
20
12
2
3
8
2
11
4
4
8
2
4
6
2
1
5
28
3
6
2
4
3
3
7
0
12
6
3
4
4
6
84
7
7
8
7
2
1
9
5
11
5
2
7
0
49
50
2
12
8
1
2
4
17
8
52
1
8
50
37
2
0
