32
30
2
3
4
2
2
3
3
1
10
1
5
12
2
9
3
2
1
5
7
9
3
1
5
2
10
8
8
1
4
5
11
7
6
1
0
9
27
5
5
7
6
12
6
7
4
1
2
4
6
8
3
4
4
5
3
6
3
9
10
21
67
5
2
5
2
7
1
1
3
3
5
7
11
16
4
6
14
4
3
6
1
12
21
9
3
4
14
36
96
3
5
20
8
3
2
2
4
19
5
0
9
6
1
11
10
13
6
12
1
3
2
4
4
2
9
11
13
4
8
2
6
13
12
1
4
2
2
70
3
13
12
1
4
6
5
4
2
5
0
2
6
20
3
14
8
5
0
4
1
3
1
4
1
5
1
9
1
4
3
3
0
7
8
59
2
6
0
8
60
12
3
2
14
25
1
1
3
3
2
0
6
4
8
14
4
1
2
1
2
98
2
1
6
8
6
11
4
75
20
34
3
6
7
21
1
11
22
11
1
5
2
8
25
3
2
7
22
6
2
14
7
13
9
3
9
12
3
39
2
90
2
3
10
4
4
9
5
23
11
7
15
42
2
14
3
5
13
7
3
7
26
3
11
5
7
1
3
4
7
3
3
5
6
2
5
3
2
6
6
3
6
12
7
26
0
14
10
2
11
93
3
3
7
9
2
5
