5
7
7
19
3
56
3
23
11
24
5
3
7
11
1
0
3
4
20
3
2
10
8
2
10
2
2
6
1
1
43
8
5
42
17
5
3
11
7
4
4
1
7
2
0
2
3
17
2
3
6
5
9
1
7
4
9
4
3
1
5
12
9
50
7
3
7
8
2
2
8
2
7
6
18
2
10
82
3
6
15
12
5
2
12
4
2
7
8
7
6
3
3
15
14
4
14
6
3
1
6
3
5
27
8
13
5
13
6
12
2
9
6
7
0
2
2
5
3
5
6
2
6
6
3
4
6
5
3
1
6
2
5
2
13
5
0
10
8
48
4
1
2
13
2
12
1
5
11
1
5
0
14
3
4
2
1
13
3
2
25
5
2
25
3
38
38
1
3
8
13
11
48
4
3
17
5
5
98
4
17
4
98
5
3
7
1
41
2
1
0
10
4
17
8
13
57
5
4
11
4
27
0
12
3
5
6
3
5
11
1
12
2
7
6
3
7
41
3
3
40
6
1
11
7
20
7
3
7
4
5
0
8
9
5
1
0
5
17
14
1
3
9
10
1
1
11
4
3
11
5
1
1
11
0
3
0
11
12
3
2
6
44
17
2
11
2
5
46
8
5
1
1
14
5
5
14
12
18
15
1
3
2
15
5
2
6
10
