1
0
8
8
4
3
13
1
6
3
4
24
2
4
6
11
9
32
12
6
4
18
3
1
10
32
98
69
11
4
12
9
5
7
8
4
14
6
4
5
38
2
2
2
21
2
8
26
26
14
42
1
3
22
4
71
4
3
6
54
3
1
4
9
5
12
2
2
2
2
5
6
15
4
6
5
21
3
25
5
5
11
18
6
3
3
23
1
7
7
2
2
1
79
3
3
9
7
7
3
12
6
2
5
17
3
1
1
2
2
13
6
5
11
5
48
4
5
5
15
6
5
7
1
4
2
1
2
6
7
6
6
14
9
1
3
4
1
71
2
8
1
3
7
4
3
2
5
5
3
5
6
1
4
15
2
3
5
5
2
11
2
1
6
56
5
5
5
4
3
1
13
2
64
4
3
11
2
2
54
4
4
3
5
7
6
14
5
5
11
4
57
55
0
2
1
3
6
2
61
5
44
3
3
4
1
83
2
2
27
8
8
80
4
57
0
1
5
97
3
1
4
7
22
4
2
6
8
4
17
92
2
12
4
4
12
1
4
12
7
4
6
2
1
17
11
5
15
2
6
7
2
1
2
19
8
7
8
2
3
5
12
4
1
13
11
7
5
14
2
3
5
1
2
5
3
10
9
3
4
65
7
3
8
6
8
2
8
