7
7
1
8
6
20
7
90
2
5
3
4
2
16
1
4
73
1
2
4
2
10
2
4
5
3
5
2
2
8
6
3
5
1
2
10
9
15
4
42
7
5
2
2
1
6
11
43
13
1
1
4
7
5
2
5
54
5
12
25
12
8
0
5
5
5
8
1
19
8
1
3
4
1
8
11
79
11
4
8
1
5
3
1
40
4
4
2
4
3
5
66
4
11
18
11
7
3
2
1
3
7
3
5
8
52
11
5
7
4
14
11
15
4
4
3
5
13
1
7
5
5
12
7
1
4
6
1
5
81
3
6
3
14
10
1
3
12
2
6
60
5
5
67
97
6
8
1
18
10
2
3
14
1
15
1
36
14
12
9
0
3
7
1
13
0
7
1
1
37
6
19
8
5
2
13
1
6
4
16
6
2
53
23
7
12
3
9
7
6
11
8
17
7
13
2
12
2
7
2
1
18
39
5
4
15
12
7
4
5
31
0
1
0
5
49
5
4
2
30
3
4
31
31
1
5
5
8
4
7
5
92
5
6
5
5
92
8
41
11
5
2
5
5
76
4
1
9
4
1
3
4
8
12
14
2
11
10
9
9
64
8
1
5
12
2
0
2
3
8
0
6
13
3
1
4
3
2
3
2
17
47
9
4
9
0
3
1
