2
6
3
1
2
1
28
6
2
2
12
6
7
12
1
13
12
1
3
7
1
5
7
1
5
6
5
9
5
4
3
2
11
8
14
5
3
1
1
6
6
10
4
1
13
11
13
2
3
1
1
6
0
2
2
14
29
5
1
2
2
21
5
14
14
3
6
3
1
1
2
0
97
6
3
1
0
0
4
14
10
2
5
2
6
11
21
2
5
4
0
2
12
2
2
1
34
1
23
5
12
59
0
6
4
9
9
3
5
5
39
0
4
3
5
2
3
5
4
1
5
11
11
10
10
7
6
7
8
0
9
3
4
2
10
5
3
9
6
1
6
7
7
2
11
8
2
2
11
7
3
2
3
6
29
3
8
16
56
4
1
39
3
3
47
2
4
2
2
41
3
18
7
7
41
9
3
2
2
0
5
13
3
3
6
1
42
21
2
5
39
8
34
1
21
3
8
15
33
8
17
2
3
5
32
6
6
5
9
2
4
6
6
28
9
9
13
16
7
9
3
10
1
24
3
1
15
2
7
9
4
1
2
8
8
5
3
11
11
11
11
1
2
1
3
1
6
7
1
6
1
2
2
6
0
2
4
1
6
7
3
20
1
6
2
4
20
13
5
2
1
8
2
43
1
5
8
2
0
15
15
4
1
1
2
7
7
5
