3
2
14
2
2
8
6
1
3
0
13
5
3
5
7
0
4
19
3
1
3
4
27
3
2
5
2
3
4
9
1
38
11
12
9
2
2
10
1
2
2
9
3
2
4
5
3
1
19
2
12
7
18
6
3
5
15
14
12
3
1
6
3
11
16
2
11
0
11
7
11
1
97
3
12
5
3
3
2
1
11
7
70
6
6
1
7
8
6
5
1
2
12
7
8
3
11
4
1
3
9
5
6
6
2
5
3
9
13
1
2
7
2
1
5
3
2
3
13
2
10
1
6
3
2
7
4
4
30
2
9
16
3
1
6
1
45
6
14
6
2
2
10
9
4
14
5
2
3
7
10
1
1
1
4
2
1
8
13
3
10
5
0
5
3
5
7
2
8
4
9
2
1
1
2
11
64
23
7
61
6
1
4
2
8
5
61
32
8
11
6
3
4
1
10
11
1
16
8
3
0
3
6
5
3
22
2
1
17
9
6
0
9
1
8
3
4
3
13
12
1
1
0
95
44
2
51
6
50
3
8
1
7
16
5
4
1
7
15
3
8
1
1
1
7
0
7
5
1
1
3
7
15
6
6
12
2
5
3
2
3
7
2
6
5
14
9
7
11
7
14
0
8
1
54
8
6
1
11
14
3
2
3
5
2
88
8
14
