2
5
3
2
27
4
7
4
9
5
2
2
1
1
5
3
5
2
4
3
3
12
14
10
2
13
3
1
4
1
2
4
13
2
67
9
9
1
4
15
5
15
9
3
7
7
15
7
2
6
5
2
6
55
7
3
18
5
13
3
11
4
1
8
9
6
3
3
11
0
3
94
2
21
12
6
6
5
8
7
2
10
56
16
2
2
7
2
1
27
9
2
3
6
2
5
7
1
16
5
4
0
5
22
3
7
8
22
2
3
2
4
8
1
17
13
3
1
0
3
3
63
3
7
20
10
3
5
3
13
2
9
5
3
78
2
2
6
1
48
4
10
6
39
10
23
1
29
31
3
8
2
4
4
7
2
5
6
9
8
3
6
2
2
3
6
1
35
96
2
2
3
8
21
9
2
15
3
1
1
11
1
21
99
1
13
1
27
2
2
1
23
5
41
2
97
8
7
1
1
4
50
15
73
15
12
28
98
2
5
6
6
11
1
8
34
9
3
5
16
0
6
7
17
3
31
0
2
27
2
3
5
10
16
1
1
15
3
1
11
15
7
24
2
5
21
8
2
2
2
4
6
11
9
36
2
5
1
21
0
12
91
6
7
21
2
3
9
11
3
31
9
2
1
1
14
3
46
7
2
1
6
2
2
5
1
4
2
