9
0
2
10
5
3
2
10
19
1
2
10
2
2
2
2
31
17
13
2
4
11
4
4
5
42
0
4
4
3
1
5
3
3
2
15
2
4
2
7
6
20
20
10
6
23
2
1
15
7
1
0
3
5
15
30
9
14
2
2
3
6
4
3
49
4
11
5
9
18
3
10
3
2
6
2
17
11
2
3
19
2
2
12
7
7
12
1
45
6
10
1
2
0
13
6
7
18
1
12
3
0
2
12
6
2
10
16
3
3
49
6
2
19
12
6
0
8
6
3
0
7
27
6
6
9
6
17
9
4
10
2
5
24
7
3
13
1
1
8
1
2
10
5
1
3
7
7
1
4
2
0
5
2
98
1
56
6
6
1
7
6
10
1
2
7
11
61
5
7
13
3
10
3
30
62
2
27
6
2
2
17
2
0
51
1
6
1
15
1
2
3
6
2
2
1
3
1
7
63
3
63
1
3
16
7
2
2
15
6
1
10
4
2
4
1
3
6
1
7
8
6
10
41
0
16
5
10
13
26
4
6
26
7
7
10
10
6
4
6
11
22
3
1
5
7
11
9
11
2
4
6
48
2
3
5
6
1
1
7
3
1
3
11
2
2
3
3
1
3
10
3
3
7
10
5
7
3
9
2
8
7
1
3
3
3
11
13
