6
6
49
20
1
7
3
2
1
4
5
5
3
5
3
0
5
2
7
3
5
6
11
6
4
3
5
4
0
2
14
2
18
0
6
8
16
7
11
6
4
27
2
19
3
11
2
5
13
5
6
1
2
6
20
14
4
24
48
5
8
8
12
3
1
17
0
7
1
15
4
24
6
9
11
26
5
4
2
2
7
3
8
6
24
4
17
5
5
7
21
4
1
2
53
15
9
6
8
6
5
2
2
2
11
2
5
3
10
4
4
3
6
1
10
3
3
4
7
3
13
3
5
8
5
8
3
2
7
1
2
6
2
79
6
4
0
8
6
13
11
2
4
7
13
16
0
5
10
2
4
4
8
27
3
1
2
1
1
59
5
1
1
4
3
6
3
20
11
13
3
4
3
2
5
3
7
1
1
7
3
7
2
11
2
4
4
16
11
5
1
5
6
1
16
61
1
2
2
19
2
52
54
5
2
6
0
3
3
3
11
6
2
27
3
8
12
15
1
10
3
26
5
1
33
6
5
7
20
12
7
1
1
7
18
5
17
4
5
2
3
10
6
21
1
2
6
3
7
2
6
15
2
8
8
19
4
3
10
3
6
3
11
7
3
3
3
3
6
2
11
2
18
9
2
3
96
11
11
9
5
11
16
2
14
3
11
3
