3
2
68
3
89
38
5
4
0
3
1
3
10
7
3
1
3
7
1
5
4
7
2
6
4
3
34
7
22
7
5
1
3
91
3
7
23
8
4
3
1
9
3
2
4
14
14
5
8
9
29
3
25
10
3
5
9
3
4
1
4
12
25
1
4
7
9
12
5
10
6
4
4
39
32
11
96
7
8
1
3
9
9
6
7
3
3
3
12
4
10
6
1
4
22
1
9
17
5
2
6
0
11
4
30
8
1
5
97
7
1
3
2
1
3
0
2
0
3
4
1
3
12
12
10
3
14
2
5
5
12
88
5
3
5
5
1
10
4
41
45
1
1
1
5
2
60
9
1
5
2
5
2
13
10
97
6
99
99
6
2
2
6
3
2
2
14
99
2
4
2
9
1
6
97
1
42
6
4
5
72
6
1
91
3
7
7
42
8
3
57
96
6
20
1
1
3
9
2
4
3
5
2
64
7
7
2
7
1
3
5
13
5
4
0
13
62
2
98
11
1
1
0
42
3
99
52
2
6
2
3
6
2
8
50
5
4
5
2
15
22
22
4
6
3
1
1
16
0
3
8
3
93
30
4
3
9
3
16
8
1
13
3
3
6
0
3
2
1
3
3
11
9
6
32
10
2
6
1
22
7
12
17
7
16
6
8
5
