8
5
1
27
2
8
12
1
2
27
1
6
3
5
21
5
5
1
1
6
3
1
5
17
12
68
3
2
6
22
6
1
9
6
5
15
3
12
13
17
13
6
1
12
4
6
11
2
7
6
15
10
43
3
20
38
20
4
8
7
14
1
7
50
0
2
1
6
14
2
7
3
6
2
1
13
9
3
6
0
12
5
1
1
8
5
2
4
4
6
2
8
2
2
4
6
11
4
3
2
6
3
11
6
1
2
14
4
18
3
8
13
6
8
2
4
9
5
3
81
4
2
7
6
1
14
3
6
14
8
4
12
13
3
4
5
1
1
4
2
2
78
2
2
74
79
59
6
7
2
4
3
2
2
5
5
19
0
3
7
8
4
4
18
2
2
82
5
3
1
2
3
9
1
4
1
28
30
8
93
5
15
6
28
4
5
12
2
28
2
3
2
6
8
3
1
88
11
9
4
5
8
4
6
1
0
7
2
1
0
3
15
11
17
14
3
7
10
3
4
10
18
3
15
5
2
8
2
1
9
1
71
9
1
1
5
11
2
2
7
8
8
6
4
3
1
2
2
6
6
2
10
3
3
21
21
4
5
8
2
21
13
13
1
3
1
14
5
4
35
10
5
3
3
5
7
2
2
2
17
2
4
2
3
2
2
8
7
