5
3
7
2
4
23
2
1
11
10
3
3
1
2
6
1
7
6
11
9
20
3
9
2
11
12
4
2
27
8
4
3
3
2
8
14
2
3
3
6
10
2
3
6
9
6
6
14
12
12
8
8
3
14
6
2
6
2
2
4
7
2
9
13
5
4
2
12
0
2
3
2
1
5
4
2
9
2
0
2
3
14
2
0
3
17
18
3
5
2
21
13
21
2
14
19
58
2
19
13
7
2
1
17
48
2
2
14
2
3
7
3
18
8
7
11
6
4
0
3
3
7
1
11
1
21
5
19
4
0
2
13
5
0
4
21
8
8
2
1
1
8
10
11
3
18
4
1
10
5
3
3
5
2
2
4
3
7
2
10
0
0
1
7
2
6
9
9
32
2
1
6
2
9
11
13
1
5
6
2
1
26
2
1
2
27
7
28
18
1
13
93
11
39
1
4
1
14
8
1
3
5
4
0
3
20
5
4
0
50
18
7
2
2
15
18
10
1
1
29
7
3
15
1
19
5
3
5
46
7
7
4
0
5
2
1
4
97
1
2
1
5
1
15
9
29
2
8
50
7
7
53
2
4
9
1
28
2
22
14
9
42
7
51
10
2
1
2
6
11
8
8
2
51
15
7
2
2
1
3
3
67
4
9
3
2
5
8
