99
10
10
11
3
3
5
11
21
4
12
0
3
9
3
20
25
98
6
29
3
1
10
3
5
4
8
4
37
33
98
2
1
13
96
4
6
3
4
2
5
10
59
1
3
3
1
4
2
3
12
24
5
6
8
7
4
5
1
11
5
22
21
9
2
3
9
14
11
99
6
5
10
15
4
39
5
1
2
15
3
67
7
1
3
16
2
3
4
12
7
9
43
7
0
2
1
12
1
2
13
4
5
2
69
4
5
48
2
4
5
1
1
16
3
19
46
3
4
6
31
22
13
2
1
26
11
12
1
3
15
3
4
12
12
2
13
1
3
4
1
8
5
7
6
3
94
5
6
6
6
7
6
3
10
10
1
1
10
6
5
52
1
9
13
0
2
25
3
3
2
1
5
4
6
13
5
8
4
3
6
6
0
92
9
13
5
3
6
79
11
26
1
3
58
9
12
2
40
10
5
4
5
52
48
52
8
38
99
17
2
7
9
5
3
2
5
15
17
26
2
16
8
3
4
98
1
4
48
4
10
1
4
1
6
3
11
6
5
5
21
52
2
28
10
15
12
5
4
3
7
12
17
4
8
11
17
5
10
17
10
6
1
2
9
12
2
2
2
3
11
4
12
1
3
5
10
3
3
10
18
12
6
34
39
4
3
11
