12
1
3
1
8
11
2
2
9
4
2
23
0
11
2
6
20
3
3
8
9
9
8
1
19
3
3
9
3
20
9
6
5
1
1
1
10
3
12
6
15
19
1
2
5
11
2
6
4
3
8
2
1
19
1
4
6
1
2
8
3
5
4
8
2
4
12
14
2
2
21
49
4
1
9
5
4
2
5
2
5
14
15
9
10
1
1
10
11
2
3
38
1
11
2
1
14
17
2
3
2
1
6
9
6
54
4
8
6
7
17
1
8
10
1
5
1
3
2
2
11
1
0
7
7
10
9
7
1
36
6
5
1
12
1
7
6
5
12
10
2
5
3
8
2
2
5
10
2
15
2
4
1
13
3
1
5
5
8
2
5
1
4
13
3
20
3
5
10
3
2
44
1
4
1
1
12
1
5
3
6
0
27
4
11
5
11
33
2
2
6
8
3
3
8
8
2
1
3
11
2
18
34
60
2
8
1
6
96
1
11
8
11
12
6
20
59
59
17
2
2
1
15
16
8
5
1
2
23
0
22
9
0
30
30
94
6
16
1
5
4
4
18
9
7
96
2
6
3
3
4
9
3
2
2
2
1
4
2
1
7
4
1
5
14
10
2
2
0
3
9
4
11
11
1
8
80
1
9
10
5
9
4
2
1
3
8
10
