33
35
5
5
8
6
8
9
2
11
8
54
3
45
5
2
13
2
3
1
29
6
3
2
2
3
3
9
3
4
3
4
4
1
16
4
7
3
2
7
7
3
3
10
18
5
3
4
3
2
8
38
6
2
3
1
0
11
4
5
1
9
8
4
3
4
5
3
12
2
4
7
11
6
9
2
3
2
2
1
4
4
3
2
2
2
4
0
3
3
46
13
12
2
2
9
6
11
24
6
5
1
5
1
5
2
4
4
12
1
1
2
7
8
64
8
7
1
21
4
3
4
2
4
98
0
5
2
10
11
10
2
9
1
1
7
4
5
1
50
11
1
8
1
4
38
15
10
3
8
15
5
4
5
14
11
1
5
2
10
24
11
2
8
3
5
5
31
7
44
1
98
33
7
3
5
5
48
0
3
1
2
2
2
9
24
6
6
3
16
1
42
3
4
1
7
7
73
10
1
4
3
13
7
13
2
50
17
1
1
15
8
6
5
32
2
6
5
24
6
3
3
12
8
10
6
2
96
5
52
96
13
1
28
11
2
12
3
9
2
1
7
6
8
6
2
8
2
21
1
3
5
12
10
3
3
5
6
5
15
10
4
10
35
17
1
2
1
5
40
19
3
13
13
6
5
8
8
3
2
26
8
39
6
11
3
4
5
