63
6
2
5
3
5
19
2
1
1
6
85
6
24
5
2
1
3
5
5
40
8
2
2
6
1
5
2
8
16
82
49
6
1
5
2
2
2
1
1
6
1
2
1
4
31
3
2
4
2
7
2
9
4
11
14
1
6
7
4
13
22
9
2
3
55
0
4
7
4
5
9
7
4
1
14
3
42
4
10
6
8
8
1
40
3
5
2
4
7
5
4
6
9
3
6
4
4
5
2
11
1
8
3
22
7
7
10
8
6
1
27
2
2
93
3
8
3
5
4
9
12
4
2
5
14
6
3
2
10
10
9
6
6
3
5
1
9
6
4
20
2
3
5
3
45
3
2
11
5
90
2
1
2
1
2
3
4
2
11
2
1
5
12
43
15
6
0
6
8
9
4
10
6
5
2
6
12
4
4
0
6
15
4
0
2
1
0
1
13
1
13
8
10
17
1
2
12
56
8
1
2
5
59
1
7
6
2
11
6
5
63
1
6
0
1
2
20
5
5
14
3
2
2
36
10
4
1
1
2
0
10
20
1
14
21
6
26
31
44
5
11
1
7
20
0
12
5
1
13
60
6
9
1
2
5
8
6
10
4
12
3
8
6
2
14
15
1
8
5
16
6
6
4
2
13
3
5
0
6
11
2
5
2
7
11
5
3
