9
1
1
9
34
4
9
5
3
3
0
6
5
11
3
3
47
12
7
28
9
3
4
4
3
2
0
98
5
10
33
10
3
9
6
6
66
1
28
62
5
3
10
26
2
35
5
70
7
6
9
1
4
3
25
3
24
6
1
4
3
5
6
1
0
12
1
3
1
73
8
0
3
1
1
13
52
11
3
24
4
1
4
13
2
15
3
2
2
7
5
10
3
4
46
14
13
3
1
2
2
5
5
3
3
22
3
5
1
11
1
8
27
16
9
2
1
15
20
6
2
5
5
4
1
8
61
9
97
34
1
4
7
2
2
10
4
5
7
52
5
3
4
10
74
11
4
4
4
1
5
1
15
14
3
6
3
9
4
10
5
81
8
6
65
6
15
3
2
6
2
6
9
6
12
1
6
7
6
8
1
7
4
41
19
4
5
6
4
4
11
7
9
7
5
22
6
7
3
12
8
13
48
1
6
1
96
60
7
7
2
43
3
8
9
1
3
13
10
53
3
3
53
28
2
1
9
27
7
2
26
3
58
48
3
2
13
5
5
3
13
2
19
15
1
3
3
19
13
27
12
5
4
87
3
1
4
35
3
11
0
7
4
8
4
13
8
3
2
13
5
5
4
47
3
9
2
27
8
3
0
3
8
1
13
3
2
1
