6
4
11
0
18
1
2
1
8
16
10
7
0
12
42
8
11
14
1
4
46
3
16
16
6
12
27
0
6
2
3
5
23
3
8
3
2
15
13
7
40
10
6
1
11
5
64
10
2
4
7
3
1
4
1
6
30
26
2
5
8
13
3
7
27
2
6
6
4
6
2
7
1
1
5
3
24
9
5
7
4
3
3
2
6
2
1
9
13
4
23
23
4
1
4
6
2
27
6
2
2
2
14
4
9
3
15
9
12
5
7
4
1
67
6
3
1
7
8
8
2
6
5
6
9
2
5
12
9
1
1
2
3
52
1
4
1
4
1
9
4
76
3
1
4
3
7
4
11
15
32
41
3
34
4
8
0
20
5
5
7
47
2
11
10
7
9
9
19
3
5
7
42
64
1
3
3
7
19
0
9
2
7
7
1
14
4
71
4
1
7
3
6
9
7
12
5
2
22
1
86
9
41
7
59
0
5
3
86
79
4
4
8
31
1
2
1
6
4
4
1
1
69
16
7
1
6
6
3
4
3
1
4
28
9
10
4
12
7
10
8
15
24
2
18
5
7
6
1
1
6
6
3
1
41
6
2
2
3
14
10
1
13
9
8
7
3
1
5
2
8
1
1
12
3
1
8
8
3
4
4
1
5
18
41
1
1
8
