0
6
3
0
11
8
12
2
23
2
0
9
2
5
3
3
11
9
10
2
2
66
7
5
1
10
2
2
22
4
12
4
14
0
97
4
4
10
9
3
0
0
6
5
5
10
5
6
34
4
21
14
29
7
1
6
1
96
6
4
10
1
7
5
7
3
4
6
12
7
2
1
88
2
7
1
2
2
31
7
3
3
7
4
31
3
36
12
8
4
2
1
7
42
9
5
3
87
3
1
2
10
5
18
2
3
12
4
77
4
10
38
51
5
11
31
25
4
5
13
1
1
9
52
6
3
15
32
4
18
34
7
3
4
10
23
1
17
5
12
9
1
52
2
1
29
1
1
0
15
7
0
6
3
4
3
9
3
12
12
7
2
38
2
1
14
11
6
13
16
2
3
5
2
2
8
6
16
12
7
7
4
46
48
5
5
23
6
2
15
9
2
6
4
9
7
1
2
2
6
2
0
9
6
9
5
15
11
2
39
4
8
2
11
10
10
37
3
15
11
17
2
4
5
2
8
8
12
3
7
3
6
4
2
2
7
2
17
13
3
3
99
99
27
1
26
1
1
6
7
51
14
3
3
15
4
9
4
9
13
9
1
10
3
1
3
93
18
2
14
8
3
9
10
5
1
1
18
29
7
3
1
29
5
2
9
3
14
