5
1
1
3
2
16
3
7
8
3
14
2
7
13
5
2
4
2
3
3
1
3
0
0
19
2
6
3
10
1
2
36
2
7
4
3
5
7
2
17
9
5
3
4
68
11
2
3
5
1
14
3
15
6
3
6
1
8
2
6
13
8
5
1
2
22
17
2
9
3
35
1
17
21
12
6
2
10
7
12
10
3
5
2
1
3
4
6
18
7
2
11
3
93
1
7
11
17
3
5
6
82
2
2
3
3
2
24
14
3
2
7
12
10
1
6
1
6
14
6
1
9
6
9
5
1
8
7
4
8
4
7
6
0
8
8
6
11
8
1
5
4
1
3
6
39
1
6
17
0
5
3
13
14
4
2
14
5
4
2
3
16
12
2
5
2
1
7
8
5
9
57
3
13
1
3
16
17
5
9
11
2
18
8
2
1
6
15
2
7
15
5
3
8
5
13
7
7
3
5
3
48
4
1
6
62
2
11
1
1
4
5
5
6
1
1
5
14
5
6
6
3
20
1
6
26
2
4
5
0
9
6
5
4
8
2
4
2
10
5
4
3
12
3
6
40
66
2
0
10
7
14
11
36
2
10
2
12
1
19
6
5
6
6
5
5
77
1
6
59
7
1
6
4
12
0
6
6
7
7
3
9
11
3
5
8
3
8
