4
9
2
1
3
15
8
5
3
8
1
2
4
6
8
7
3
8
48
3
17
11
1
4
41
2
10
1
1
6
1
3
8
5
2
1
5
3
4
8
1
3
13
46
6
5
18
2
5
6
11
38
6
3
3
2
4
12
11
17
28
48
6
7
6
5
12
7
3
43
5
12
49
67
2
48
3
5
6
53
2
7
9
3
4
95
12
4
3
4
4
9
70
1
3
24
1
8
1
2
51
7
4
5
34
6
4
10
6
2
1
14
6
5
15
94
11
5
1
3
1
11
13
5
11
3
7
8
5
1
3
11
0
1
2
13
3
3
6
1
9
4
9
5
0
2
1
6
2
5
1
6
12
5
7
3
1
7
8
1
4
2
0
3
18
43
2
6
6
2
12
18
12
1
4
10
1
2
3
8
1
6
19
1
3
3
14
1
0
4
6
4
7
21
4
9
27
25
2
60
6
9
9
4
8
1
31
27
31
4
8
33
3
4
10
6
7
2
7
21
7
11
5
20
4
97
5
3
18
6
19
1
12
19
3
5
4
0
1
6
5
8
12
2
0
3
13
6
0
6
76
11
0
6
4
6
1
0
38
2
6
4
5
0
6
0
1
2
2
3
2
1
30
1
8
7
2
6
5
5
0
1
7
7
2
8
11
5
