9
2
22
7
2
6
16
1
1
5
3
2
8
10
5
6
11
6
3
1
2
12
10
4
9
44
1
8
0
0
2
5
11
6
10
5
1
1
3
7
9
10
6
15
97
4
4
11
1
13
38
1
1
18
6
77
7
1
56
2
8
2
2
25
4
49
13
8
9
12
7
4
3
1
25
78
1
9
2
3
3
6
6
2
2
12
5
2
31
6
2
43
23
2
5
31
31
7
16
96
2
6
4
12
21
3
4
10
1
6
18
2
5
2
12
1
13
3
6
1
8
1
7
1
8
8
2
4
9
7
13
10
90
1
5
8
5
3
97
5
8
1
17
1
5
4
4
97
3
8
5
3
58
4
0
67
3
6
21
8
4
4
53
5
4
45
46
8
42
67
10
19
3
6
5
54
3
6
23
2
7
6
14
7
3
5
10
3
10
1
2
3
7
17
75
5
3
2
6
1
17
3
10
2
2
11
3
13
14
3
1
6
99
98
2
5
7
9
2
2
2
5
24
10
17
12
21
2
79
2
1
8
3
1
1
5
4
4
4
19
6
14
2
1
5
4
15
2
4
37
3
3
3
3
1
7
12
14
5
34
3
5
51
2
13
13
3
88
13
2
16
11
5
1
5
2
6
15
43
1
6
14
2
2
10
1
12
90
