5
5
17
3
6
4
2
10
2
3
14
3
10
2
0
2
16
6
20
9
10
2
14
28
3
5
13
0
5
20
4
2
2
3
1
12
10
13
2
0
3
1
30
27
3
15
2
12
2
12
7
49
3
0
10
14
5
7
16
0
2
7
19
7
7
16
0
1
3
1
4
9
7
5
1
8
6
2
13
6
1
9
3
1
5
5
13
3
1
10
6
22
13
6
8
51
0
3
53
31
7
5
0
4
6
5
1
42
3
11
60
5
3
0
2
2
7
5
3
12
15
17
4
2
6
1
3
1
3
6
8
3
13
12
8
0
4
3
6
13
1
0
1
3
6
5
13
4
1
4
2
8
4
5
8
1
18
0
5
1
7
3
61
3
5
1
1
5
1
0
1
27
4
2
2
96
0
24
5
5
3
8
2
0
2
2
7
6
9
5
4
14
15
11
25
3
3
4
16
7
6
8
0
5
4
24
5
6
2
10
5
2
4
8
6
3
47
8
0
1
7
2
10
37
13
14
86
11
3
8
5
3
1
5
41
2
3
1
2
17
7
3
5
2
5
2
11
6
0
14
11
2
5
4
8
5
5
2
10
6
17
5
5
4
7
5
7
11
4
3
3
5
3
91
10
5
95
3
2
1
8
14
3
2
5
7
6
3
