6
1
2
10
4
59
5
3
2
25
4
5
47
5
0
6
23
4
8
6
7
0
19
7
10
11
4
5
7
3
7
1
10
3
10
0
11
1
7
2
3
8
13
4
22
8
12
1
3
11
1
4
4
2
15
1
37
7
11
9
12
4
3
7
1
9
1
2
35
32
14
1
6
4
4
4
5
3
6
31
19
7
6
3
5
11
7
4
3
51
56
5
5
1
2
6
2
4
7
10
13
3
5
8
4
23
1
11
12
1
5
4
9
1
8
3
94
14
1
21
9
5
1
2
4
11
22
5
30
7
0
4
1
6
13
6
91
3
2
1
49
23
26
5
26
11
4
3
7
3
35
0
10
1
2
8
10
2
88
10
61
2
52
12
40
6
9
8
32
31
12
14
3
12
15
5
5
1
2
2
4
1
2
4
12
0
1
82
1
42
5
65
5
1
4
85
9
4
15
8
16
17
9
23
6
4
6
6
1
4
4
2
46
3
9
11
1
6
29
6
6
15
1
3
2
6
7
2
0
2
1
1
8
44
6
2
5
3
2
6
13
6
6
12
4
4
3
3
5
2
3
3
12
2
11
4
12
3
4
15
41
7
12
10
15
6
8
2
7
26
1
8
8
26
6
2
2
10
9
59
1
0
4
2
3
7
0
6
