3
3
3
22
3
1
8
12
2
28
3
5
6
10
5
0
5
2
2
4
11
23
2
3
23
7
12
2
6
1
5
3
13
5
14
7
18
11
4
3
2
2
19
11
12
2
10
11
2
36
5
5
4
3
13
4
8
5
6
17
5
3
7
5
17
7
19
7
6
7
15
0
7
2
8
2
3
1
22
96
1
5
2
6
3
1
1
15
3
14
8
3
1
5
3
5
12
3
6
3
3
5
16
5
4
18
1
31
10
5
20
7
1
2
5
20
4
56
9
5
48
13
4
2
6
22
2
20
56
3
11
1
4
1
37
23
5
6
5
6
9
4
2
16
8
4
3
1
4
2
23
5
6
3
26
13
27
10
9
2
6
58
5
2
3
15
1
3
6
2
5
1
12
97
6
9
1
14
1
2
8
4
2
6
3
14
6
3
9
23
2
3
9
65
6
5
65
2
2
1
18
2
64
5
2
4
17
10
13
3
1
6
8
1
2
4
4
1
2
8
2
2
5
2
4
5
6
28
4
7
3
51
38
3
15
0
86
6
32
3
8
1
3
1
3
3
11
1
6
7
3
7
10
11
3
11
11
4
4
2
4
2
3
6
6
2
8
30
9
3
2
6
3
13
2
4
30
13
1
14
3
63
43
7
91
13
2
1
