2
1
4
4
7
14
3
1
10
23
2
1
9
2
1
6
12
13
5
16
1
9
2
6
1
3
1
1
1
17
1
3
2
12
8
4
9
3
6
3
12
17
6
7
12
12
6
2
2
8
2
6
21
5
1
4
13
1
8
3
2
2
3
6
3
2
8
98
12
1
7
17
16
7
21
16
5
3
6
4
2
0
1
5
5
3
2
5
2
2
14
2
11
1
2
5
2
15
4
11
18
1
5
17
11
4
0
9
2
14
6
13
6
1
2
4
4
27
10
7
2
18
3
3
4
5
5
16
2
3
11
51
5
10
7
8
3
7
2
13
75
2
10
73
32
31
35
7
1
3
8
43
2
6
1
28
4
35
2
2
13
20
7
6
19
2
2
1
3
13
3
1
1
12
7
4
26
9
7
6
2
3
12
8
5
21
13
6
1
1
7
2
5
6
3
1
31
4
4
5
6
12
11
8
13
7
6
14
5
12
1
5
13
6
2
1
2
15
10
6
5
8
2
5
7
14
5
22
2
12
1
68
93
1
6
11
13
5
15
1
2
8
2
2
4
7
21
8
8
4
1
7
65
1
14
8
95
6
2
10
91
50
14
5
2
2
2
6
9
9
9
6
95
4
15
12
10
2
2
2
2
2
95
1
6
12
2
6
