4
6
73
2
6
2
5
11
5
3
24
8
19
3
6
3
5
0
8
6
6
38
20
13
10
9
11
10
23
19
0
20
0
20
7
5
5
10
6
2
2
3
2
13
3
2
29
11
7
3
1
0
5
1
6
2
2
4
1
8
5
3
1
1
36
7
6
9
4
3
5
18
6
4
6
5
2
2
3
7
2
3
11
0
2
5
5
6
6
5
3
9
5
2
52
13
12
4
6
5
5
2
5
5
0
2
5
12
1
5
28
4
7
13
6
5
5
7
15
1
3
7
55
4
10
3
6
4
5
17
11
12
7
3
27
12
19
25
6
2
9
8
1
9
5
24
3
2
1
1
6
5
2
6
25
0
3
25
2
5
4
3
4
10
2
61
3
7
8
3
19
1
1
59
4
33
4
7
6
0
5
97
1
6
1
1
49
5
7
8
10
2
17
2
5
1
10
80
7
1
68
22
11
23
42
3
25
8
4
25
64
6
8
10
1
8
14
25
1
3
5
25
2
2
5
4
4
6
5
2
3
8
9
4
1
0
8
4
9
9
35
5
2
6
6
6
12
10
3
7
22
3
10
4
5
13
19
5
11
4
2
75
1
2
5
8
1
6
2
3
5
11
13
5
5
5
3
3
2
10
13
5
6
2
3
11
6
3
