6
24
50
2
1
4
1
4
11
1
0
11
14
8
8
1
2
1
5
4
4
1
4
22
7
2
5
5
5
15
1
5
6
98
5
1
1
9
3
3
5
1
67
3
14
47
1
5
3
1
7
9
3
3
4
6
5
6
3
3
1
2
29
6
11
2
2
3
7
48
12
2
3
9
4
1
4
2
1
2
2
4
1
15
12
2
5
5
5
2
1
6
9
16
18
2
3
10
10
17
10
1
13
0
5
5
18
2
0
38
5
11
3
6
17
1
4
2
9
5
12
1
0
2
4
41
1
1
9
1
1
6
53
9
3
6
3
57
32
16
3
6
10
28
4
4
2
6
8
6
18
3
6
13
13
48
12
97
5
6
3
2
2
12
17
64
1
6
2
70
5
19
6
10
12
3
14
15
16
9
12
5
6
1
5
7
2
7
6
13
41
57
5
5
2
1
8
61
4
8
1
10
63
5
7
2
90
2
8
48
4
6
89
7
4
2
13
21
3
10
2
6
2
3
1
1
10
91
2
8
6
1
5
7
8
5
2
6
54
4
4
0
4
8
88
8
3
2
6
12
6
6
7
7
5
6
5
13
12
52
4
84
2
6
2
3
3
15
1
12
5
3
3
8
2
5
3
14
6
15
9
2
17
11
10
5
11
2
