42
3
9
7
3
1
42
4
11
22
9
5
8
0
37
28
20
12
6
6
4
2
7
1
9
9
9
1
6
10
10
41
12
0
7
1
12
2
7
41
4
8
1
7
11
9
3
10
3
6
2
3
2
1
5
3
4
13
2
2
96
7
7
10
6
2
7
1
2
3
4
9
3
29
6
3
21
2
3
2
8
8
2
85
6
1
4
5
2
12
2
2
6
1
5
7
2
6
13
11
2
1
5
1
12
1
1
1
9
18
10
10
3
23
7
18
89
19
1
2
2
9
1
1
16
8
12
4
4
5
6
31
2
2
3
2
9
10
4
9
2
31
4
5
5
4
10
7
5
2
7
10
7
3
6
3
23
10
37
9
3
2
4
6
13
17
0
7
4
3
7
8
5
20
4
13
36
2
3
9
6
8
4
11
12
10
2
13
12
13
11
7
11
40
8
4
16
4
6
7
5
6
1
4
2
1
7
4
17
3
1
2
1
2
1
2
4
32
9
11
3
5
5
4
9
7
3
4
3
1
2
15
5
3
9
3
8
5
1
10
2
2
61
3
6
5
2
4
1
5
2
3
45
2
8
4
39
3
1
5
28
6
11
1
1
5
3
7
1
6
16
10
5
28
3
12
3
57
2
3
9
6
8
2
3
2
13
10
