2
4
1
5
2
1
2
6
35
4
2
20
12
10
1
3
2
12
8
2
1
35
4
2
17
4
3
2
0
72
4
54
4
2
19
14
5
15
6
3
3
1
3
1
9
2
18
39
2
2
8
0
1
11
14
2
13
53
59
14
7
8
4
0
10
0
1
5
49
4
6
8
1
32
22
3
5
8
17
6
16
11
9
2
4
5
4
42
5
3
4
4
17
4
3
3
12
4
6
6
3
5
6
6
3
7
4
6
6
8
5
5
3
13
2
4
3
9
2
9
3
4
29
1
6
5
5
15
9
1
4
6
6
3
2
6
4
8
2
11
6
0
8
3
5
3
7
6
23
18
1
12
6
9
3
1
5
17
5
10
1
55
16
7
7
9
91
7
0
39
5
1
3
1
47
5
15
39
2
13
7
5
9
5
1
5
11
4
10
90
3
2
11
9
5
8
2
1
2
34
7
2
8
1
9
27
7
45
7
13
1
6
34
3
7
3
1
0
5
11
3
16
0
33
6
3
64
6
6
3
5
65
63
10
1
11
1
5
4
1
14
1
4
5
5
48
1
3
4
5
14
5
6
10
5
8
12
1
56
13
3
16
1
4
9
9
3
13
7
10
8
2
0
10
2
11
7
77
8
11
6
8
6
5
6
51
9
1
