1
2
0
3
9
4
0
23
11
9
0
5
8
3
19
3
3
3
5
3
4
7
0
2
5
4
6
1
7
43
9
24
1
3
27
9
4
9
3
4
41
35
3
3
3
12
12
15
8
3
6
0
7
3
1
5
37
2
51
1
31
3
1
12
2
1
1
5
8
3
6
3
2
3
10
3
7
3
1
0
5
10
3
9
3
3
3
11
8
9
3
1
51
1
3
6
1
17
5
13
2
2
11
1
15
2
1
0
8
7
6
20
3
10
8
2
5
15
28
3
2
24
13
3
7
3
30
4
5
1
6
7
14
8
6
5
2
1
26
1
8
1
2
5
8
6
8
1
2
3
7
2
13
9
13
1
14
3
3
8
3
4
8
11
5
16
3
3
5
17
5
1
4
8
3
12
5
3
4
5
26
5
4
5
5
0
5
2
3
5
3
2
7
0
3
17
30
2
7
3
12
2
11
6
7
8
48
1
8
3
41
5
10
3
16
16
43
1
8
5
4
6
8
9
3
6
7
8
11
1
8
3
6
4
6
11
6
27
2
5
42
2
10
1
7
6
0
1
19
8
7
9
5
8
6
9
3
3
17
2
4
5
2
3
3
4
17
15
1
89
4
1
5
11
2
12
3
1
12
8
3
8
4
2
4
5
9
1
