4
8
3
1
4
49
57
2
1
6
1
7
2
9
97
7
7
3
6
44
3
7
8
6
17
12
3
3
43
2
6
7
11
54
4
54
3
11
8
2
10
13
8
26
49
12
2
4
17
49
5
2
3
8
5
4
6
2
14
8
2
3
6
1
1
4
5
3
11
5
3
7
17
4
13
2
5
42
13
27
1
2
1
3
1
5
21
50
11
9
1
2
5
10
18
4
2
7
6
3
2
1
9
5
12
6
8
3
1
7
6
6
7
2
9
99
7
3
8
1
6
1
8
12
2
8
8
8
4
10
4
3
6
1
1
6
1
1
8
8
12
5
6
2
6
4
1
12
4
1
45
1
13
2
10
5
2
3
3
9
5
3
11
5
7
2
29
52
5
3
4
53
8
2
1
12
6
15
4
4
3
4
15
22
3
5
17
15
8
35
7
5
10
0
7
7
1
10
93
90
0
2
3
78
5
7
2
13
98
5
32
28
1
1
91
3
2
13
6
2
7
36
27
3
4
52
5
2
1
5
5
56
2
0
5
28
15
1
3
3
3
64
3
12
75
4
2
6
5
1
1
8
7
4
9
7
1
32
4
2
1
3
26
1
2
11
3
10
7
10
26
4
12
6
4
8
3
10
28
1
2
6
10
2
4
3
14
5
