8
40
12
11
11
1
6
13
2
10
3
12
5
2
2
4
1
9
10
5
4
17
2
4
12
1
6
3
17
8
8
9
3
4
4
1
6
1
3
1
1
3
7
2
13
13
4
13
1
3
0
2
2
15
1
8
3
16
2
15
13
2
5
1
1
5
1
2
2
2
1
15
1
3
78
1
15
1
14
11
50
0
2
19
17
52
2
8
10
1
11
9
5
2
21
1
53
2
8
5
21
1
1
5
2
4
2
11
1
3
2
6
1
3
44
2
1
3
1
6
10
26
3
6
5
7
1
12
1
3
5
5
18
3
5
23
3
5
4
27
6
63
2
5
1
10
2
6
14
8
7
1
3
2
7
3
28
3
1
5
2
7
1
2
8
12
38
21
2
3
2
1
12
49
18
5
1
2
1
3
5
58
2
5
10
1
1
3
2
2
2
1
14
3
1
4
2
3
7
1
10
6
18
17
5
15
14
2
6
14
5
1
4
1
6
1
1
2
22
15
2
5
22
1
10
41
11
11
2
1
11
5
5
5
11
5
9
19
5
2
3
4
7
2
1
3
0
2
5
9
5
21
11
2
2
3
11
7
3
4
2
1
16
10
13
9
2
7
6
6
5
15
1
94
6
14
4
9
15
18
7
2
3
30
6
2
39
6
