2
3
2
5
32
5
6
12
5
6
8
4
3
11
3
1
15
7
10
8
1
15
97
25
16
10
7
43
3
10
13
5
2
8
3
0
1
7
5
3
2
4
10
10
13
10
7
8
15
10
13
2
4
13
6
4
8
26
7
2
21
1
3
0
7
4
0
1
2
2
3
1
78
2
5
26
10
5
17
4
1
1
3
3
4
1
1
51
3
4
72
23
8
5
1
3
3
3
8
8
5
6
4
1
1
52
97
1
5
8
7
5
9
7
5
7
12
6
9
3
12
8
5
6
1
2
4
14
2
1
99
5
4
1
9
3
66
7
4
2
91
15
3
6
9
11
1
6
23
29
2
2
0
2
12
2
3
6
5
6
2
5
8
1
55
6
7
2
11
55
1
7
23
3
10
9
5
3
1
38
2
64
5
2
4
3
8
3
5
10
4
8
5
3
4
2
27
6
63
3
2
1
6
4
3
3
7
2
2
12
11
1
1
10
1
1
3
4
3
2
5
28
6
4
2
1
4
10
5
6
4
13
3
2
1
30
1
7
1
27
16
4
4
6
12
3
4
5
13
12
1
7
1
31
5
6
2
24
2
5
8
4
5
12
10
1
5
4
8
14
2
2
9
5
3
6
1
12
7
65
10
5
2
3
7
3
3
8
