10
2
3
12
2
2
3
9
5
1
5
2
11
0
2
3
2
3
7
1
40
34
2
7
12
1
3
4
5
8
8
11
3
7
14
36
97
26
2
12
10
10
1
48
6
14
62
0
11
10
2
3
3
12
2
44
9
69
2
7
3
23
8
3
42
15
5
12
6
47
43
3
3
7
1
7
74
1
2
2
4
1
7
4
71
1
3
1
8
6
2
5
3
2
1
1
6
5
5
4
9
5
1
4
7
1
5
2
9
11
5
2
8
1
3
4
4
2
4
1
3
7
3
3
1
3
0
3
0
61
19
4
1
8
1
40
0
1
7
12
97
6
3
2
8
7
6
3
3
3
7
1
59
11
14
7
54
57
5
12
9
3
2
3
1
13
6
8
1
5
18
22
24
10
16
72
3
5
5
12
2
48
2
4
11
5
2
1
0
4
2
13
3
0
3
99
19
2
40
5
2
3
10
3
7
10
3
2
2
5
4
1
7
1
30
2
1
5
21
3
53
15
2
1
6
22
2
17
3
5
12
12
6
4
1
2
24
17
22
5
7
7
7
0
6
5
3
3
8
12
31
1
7
4
2
4
8
3
7
6
1
1
18
6
3
5
27
13
10
9
6
1
9
5
5
3
78
2
5
1
10
4
8
3
4
33
1
3
