3
65
7
9
4
2
9
7
1
41
2
13
11
15
12
3
3
3
3
2
8
11
4
12
1
3
2
2
25
4
6
2
7
0
3
25
10
17
3
3
2
3
2
5
5
6
3
3
2
14
4
90
61
22
12
6
4
2
5
1
4
8
16
5
3
4
10
1
12
7
5
8
9
2
1
21
78
67
7
79
8
87
5
7
2
1
3
8
13
2
3
6
2
7
10
98
4
3
1
1
1
3
6
7
8
3
3
13
44
2
10
4
4
1
2
2
3
4
5
4
1
13
3
3
8
11
8
12
1
10
1
89
6
18
12
13
9
3
4
1
3
6
3
3
2
14
14
6
2
9
48
7
11
6
6
12
7
2
4
4
1
2
32
12
1
1
1
50
7
21
26
5
8
5
2
2
6
7
3
6
7
5
1
1
3
5
3
1
1
2
6
5
5
5
4
20
2
53
9
2
4
8
2
7
3
49
26
10
9
6
5
11
10
28
10
13
5
2
5
5
6
4
21
4
3
1
6
6
51
3
4
5
5
70
27
12
1
4
5
9
52
1
2
13
17
3
2
31
5
7
1
3
6
11
15
8
5
4
2
1
3
3
5
11
2
12
7
3
7
2
3
4
8
8
9
6
42
11
1
34
3
2
3
8
3
5
23
6
