4
2
4
5
26
1
5
7
34
4
4
18
2
3
70
2
5
11
2
3
15
45
3
3
3
7
5
16
1
1
8
10
2
4
69
18
6
25
2
5
0
1
10
1
96
57
1
6
3
2
4
5
5
1
6
7
6
3
1
14
7
3
1
13
18
0
13
3
3
1
4
1
3
4
0
1
7
1
21
4
4
6
15
2
3
2
4
13
1
5
0
3
4
8
91
6
2
2
97
1
7
13
26
18
5
18
2
1
0
6
29
43
1
15
6
3
6
2
74
25
2
1
3
12
3
45
13
3
6
4
5
1
14
1
12
3
16
4
10
9
2
5
7
2
33
3
1
40
11
19
3
3
99
65
14
6
1
5
6
5
0
5
5
3
8
1
6
9
4
10
17
15
99
10
9
4
1
3
2
2
3
99
6
7
4
17
55
8
4
14
9
6
5
5
10
17
5
12
5
27
10
9
13
25
8
40
4
7
48
15
1
51
11
3
1
12
1
6
1
37
2
9
7
1
15
59
1
65
36
2
3
12
12
11
2
3
14
3
17
51
15
9
6
2
28
1
3
1
3
4
12
30
3
10
7
10
9
4
1
38
4
3
12
1
3
5
1
78
4
4
7
10
2
88
93
4
3
3
3
5
9
5
12
4
10
6
0
1
