2
2
0
5
8
3
16
1
2
0
12
5
7
7
10
2
2
0
4
2
12
4
7
3
5
1
6
17
17
2
8
2
5
1
6
28
4
9
16
0
0
15
3
2
5
30
4
2
2
8
39
3
11
14
5
24
10
10
7
2
50
7
2
8
13
3
70
3
8
5
4
36
1
23
3
17
49
70
9
16
2
10
3
5
13
9
4
1
7
1
5
3
18
3
32
6
5
5
5
6
10
12
15
7
15
4
14
28
5
2
5
3
2
12
4
81
10
1
3
6
86
8
3
1
5
14
3
1
5
26
5
5
60
6
0
1
18
6
1
15
6
8
5
7
14
90
4
10
0
2
2
1
5
1
11
1
2
14
4
25
1
25
1
1
13
2
10
1
1
0
5
5
13
1
4
1
3
4
4
5
2
64
25
2
9
6
27
5
2
42
25
7
19
7
5
66
1
2
5
41
1
2
10
1
23
2
1
6
3
2
11
4
7
10
11
1
9
13
11
11
9
55
1
47
3
6
1
8
14
3
0
12
2
4
3
7
5
50
25
0
1
6
41
8
5
1
6
1
21
11
5
14
1
3
3
56
5
19
4
5
6
7
1
10
4
6
0
5
1
2
7
13
17
8
7
15
1
8
4
5
49
6
15
0
8
11
2
11
