8
2
4
32
1
14
2
3
11
7
22
7
5
11
2
1
10
11
10
14
0
7
0
10
2
14
5
5
1
6
2
1
4
3
10
2
14
4
4
6
4
2
1
17
10
5
6
1
6
3
1
7
21
27
10
6
19
11
3
7
11
4
6
2
3
5
3
70
4
7
1
16
5
5
12
10
17
2
5
97
3
2
5
2
4
5
4
3
5
5
10
5
7
12
11
45
14
1
2
10
3
1
5
8
2
6
0
2
28
12
8
0
3
6
6
8
1
6
13
17
1
6
9
6
26
10
13
2
5
11
0
73
9
13
8
5
2
16
7
10
2
48
2
8
0
15
14
1
5
9
3
1
1
1
4
11
1
2
1
6
6
1
8
98
3
7
26
13
15
10
1
10
28
12
1
8
15
1
0
1
11
2
13
1
0
50
1
10
10
12
4
5
8
8
0
2
6
5
2
10
63
2
26
64
2
2
2
4
12
37
4
7
1
3
45
1
20
7
20
7
2
40
3
7
3
9
1
41
12
1
8
3
8
18
3
10
19
0
1
5
12
23
5
36
2
1
4
2
21
5
6
4
2
5
6
18
2
11
7
11
3
10
5
0
11
4
7
11
2
3
2
3
1
2
1
0
6
2
7
20
7
11
2
17
2
3
1
6
