33
11
5
9
17
18
21
4
0
7
4
27
3
3
17
8
11
4
2
13
3
6
6
6
2
2
4
9
5
5
13
1
3
1
2
13
3
3
2
4
16
1
1
13
1
3
0
13
2
4
12
32
4
12
3
11
27
1
7
6
6
14
2
19
11
7
0
24
5
5
13
11
11
13
7
3
16
33
10
7
3
6
9
1
6
3
4
5
7
9
1
6
3
13
12
10
0
2
14
6
26
3
2
0
5
8
1
1
4
7
13
2
5
3
5
13
2
6
3
12
5
6
6
5
9
6
5
1
3
7
7
6
1
7
7
1
4
6
4
32
4
6
5
3
5
8
14
4
1
1
1
7
18
24
10
2
4
6
2
18
1
5
5
2
1
22
42
13
2
13
5
2
6
3
1
2
4
0
5
96
1
5
19
5
6
4
6
10
4
14
12
2
3
1
2
12
2
32
3
2
11
6
10
57
41
9
7
9
44
28
57
10
20
22
1
13
7
10
28
12
8
12
1
1
8
5
10
5
2
27
21
6
0
7
10
85
8
10
19
3
21
4
8
1
9
38
7
13
5
10
7
6
5
7
10
3
13
5
6
21
1
7
15
3
3
3
10
3
6
11
2
5
3
7
13
7
48
6
6
5
8
54
11
7
11
5
6
4
