11
0
6
10
1
13
4
3
2
5
3
4
10
28
5
3
18
2
2
3
21
4
11
0
3
11
6
3
12
1
14
2
5
3
11
11
4
14
1
3
17
10
2
7
7
31
8
4
12
41
16
4
7
7
5
36
6
7
6
10
26
1
3
1
73
10
3
16
1
5
2
5
1
10
2
10
9
7
5
1
6
1
4
2
13
23
0
3
4
7
3
1
63
4
2
4
10
7
6
1
2
3
1
1
5
8
2
1
1
3
5
12
12
5
1
7
2
6
2
7
5
3
5
6
1
8
4
8
10
4
9
59
14
6
13
10
7
21
48
4
4
4
5
11
78
1
5
4
38
7
2
24
36
4
3
12
7
2
46
6
1
10
3
8
3
71
3
2
14
8
2
70
3
6
2
40
53
8
4
15
1
23
52
87
15
6
38
28
2
9
5
25
5
6
4
5
1
7
12
8
11
8
31
36
3
2
9
1
4
4
8
12
12
4
8
4
94
5
10
4
8
1
3
1
39
5
3
6
1
13
31
6
31
21
11
3
2
1
7
11
1
1
6
7
17
27
1
3
14
7
7
2
3
2
14
72
3
14
1
9
2
2
2
6
9
36
2
41
25
2
4
11
48
15
12
6
1
6
3
3
5
5
3
1
11
1
1
11
