3
2
5
96
10
7
4
1
7
4
66
6
8
7
16
7
6
4
8
17
6
9
40
7
6
11
17
2
4
5
1
7
0
9
2
9
59
2
2
3
9
14
5
12
1
6
4
28
45
3
17
3
6
2
1
5
4
31
15
8
0
2
2
4
6
15
3
3
5
4
3
2
1
4
45
0
6
14
11
6
17
11
4
3
4
9
9
6
5
11
9
5
97
3
3
27
21
11
11
86
54
2
0
6
8
0
13
45
1
4
7
3
10
12
2
8
5
3
5
2
8
1
13
7
0
3
4
16
20
97
3
5
1
4
11
3
6
29
63
1
4
5
10
7
6
6
9
11
3
1
6
5
13
55
5
1
61
2
1
4
8
17
3
7
1
2
6
9
4
2
5
1
6
24
2
2
2
0
30
5
99
12
6
2
1
2
3
9
5
1
4
4
3
6
12
12
2
3
69
7
3
5
1
31
6
57
1
4
4
1
0
12
77
14
4
5
7
9
5
5
8
3
2
5
6
5
10
98
4
4
1
11
0
1
2
5
12
6
7
5
17
5
5
7
4
1
13
12
12
16
1
6
13
8
0
31
6
12
3
5
3
2
3
8
3
1
23
23
3
6
5
4
39
33
15
5
14
1
9
6
5
3
7
15
4
3
5
4
