3
1
3
2
2
12
16
12
3
5
9
4
5
3
3
48
0
3
2
28
5
0
3
0
41
3
3
3
3
7
10
1
4
14
3
39
11
4
8
0
0
4
8
7
7
11
14
7
10
8
4
5
5
96
2
9
17
6
91
4
1
30
4
8
1
7
2
1
70
5
8
0
1
0
5
10
5
9
10
2
1
6
5
7
8
4
25
1
5
10
2
5
10
3
15
1
1
8
5
1
6
7
7
1
12
1
12
98
1
1
6
3
6
4
93
8
5
4
16
14
5
9
1
11
13
27
4
8
7
5
4
24
97
1
5
2
6
14
14
6
4
3
2
2
1
4
4
5
81
4
3
2
37
4
2
8
5
7
22
9
15
2
3
3
9
2
44
1
36
12
11
5
2
2
56
5
11
3
1
10
22
11
27
6
2
5
4
3
7
96
34
1
2
53
3
7
1
0
8
3
13
39
3
7
7
4
0
2
5
2
54
2
1
10
38
3
2
16
7
2
3
3
27
2
5
1
3
7
7
8
2
14
4
6
1
4
3
2
2
2
9
1
48
3
8
2
26
6
3
2
9
9
4
1
30
5
1
5
12
1
7
14
5
3
7
31
5
8
5
11
15
9
7
61
10
51
6
54
9
5
13
1
8
4
3
10
3
5
