67
6
7
67
2
5
12
2
2
3
3
5
9
9
1
4
5
6
4
3
2
3
3
17
66
0
37
12
17
1
3
7
5
3
7
3
5
5
5
6
1
8
94
6
3
15
44
9
3
26
4
9
29
13
4
9
0
31
25
2
9
9
5
7
6
2
11
4
3
4
30
3
3
6
1
3
4
5
1
6
15
1
1
5
3
5
15
12
4
3
3
17
4
3
4
5
10
3
4
10
5
5
2
5
12
69
12
7
10
3
11
2
1
17
4
1
2
3
1
5
28
4
3
4
3
11
5
1
2
5
3
12
4
6
16
10
3
5
4
13
14
18
5
4
19
2
15
3
6
6
99
1
6
12
2
12
10
5
5
5
2
13
7
2
11
9
1
3
9
5
6
34
7
5
42
4
8
2
7
4
40
22
1
4
9
5
10
1
1
41
19
5
1
3
7
3
9
3
0
1
11
3
4
6
1
58
5
4
7
9
9
4
4
21
4
21
5
13
5
99
1
2
3
38
3
6
2
31
2
15
3
3
1
51
6
3
5
4
52
2
8
5
3
3
2
10
15
3
4
1
5
3
11
6
13
4
10
1
1
2
2
1
9
5
12
2
6
29
16
8
3
6
27
1
5
12
1
5
1
2
12
7
1
9
4
15
3
5
