2
5
97
1
6
16
10
13
9
9
3
4
4
27
43
13
3
6
25
1
5
6
2
1
10
6
3
2
12
0
37
12
37
6
10
11
7
8
2
2
2
5
41
9
2
13
4
5
1
3
7
7
7
12
12
2
3
11
2
1
2
14
2
1
4
7
1
1
94
63
6
37
18
20
42
6
6
3
27
2
4
42
2
6
4
3
2
3
1
12
6
21
8
3
11
3
1
3
3
12
6
53
6
1
19
1
5
10
10
2
4
3
5
5
1
79
25
1
1
6
3
3
5
8
11
5
3
5
4
1
3
4
40
2
89
9
97
15
3
2
1
61
76
66
10
2
3
3
2
28
1
5
3
1
6
21
9
16
5
16
10
1
43
4
4
4
3
8
5
9
61
22
4
11
23
5
7
1
16
0
7
18
1
5
7
7
10
8
11
2
45
2
41
13
3
2
49
34
6
3
7
9
23
2
20
3
1
10
3
5
4
13
3
4
8
6
48
1
1
12
13
22
26
13
4
51
4
29
1
7
7
52
6
1
6
3
6
14
8
11
30
17
10
6
6
5
9
4
9
0
10
3
1
8
1
17
20
3
1
1
3
13
0
5
16
13
1
9
3
2
6
13
12
4
6
2
2
16
6
3
19
6
3
1
4
3
7
5
