4
4
2
2
10
12
1
13
3
2
22
5
3
8
20
15
14
2
8
2
15
1
8
8
3
2
14
7
5
5
8
13
5
15
1
23
1
13
3
3
1
7
4
2
2
7
6
19
7
2
2
8
2
9
4
7
1
14
16
2
6
9
2
2
12
2
54
10
2
54
2
3
1
3
1
2
6
84
2
5
7
1
15
4
8
2
2
81
0
1
2
5
2
59
1
2
1
4
1
2
7
2
6
4
6
6
1
3
3
37
9
5
54
45
1
1
10
2
2
14
1
6
14
1
4
13
6
22
8
4
6
2
12
0
3
36
0
10
10
35
1
12
12
9
7
12
4
2
86
10
3
4
1
2
1
3
1
6
6
43
6
2
12
1
1
19
2
14
12
7
5
2
21
9
3
2
11
0
3
2
5
1
5
4
2
4
2
2
17
1
25
6
2
3
0
3
18
20
61
11
6
5
5
8
4
8
8
9
12
2
3
0
11
4
18
9
14
2
7
11
11
5
7
15
9
1
17
9
12
2
6
1
5
2
2
14
0
0
1
22
2
8
4
2
11
3
6
4
4
6
1
7
10
4
3
2
6
1
2
10
2
1
73
4
4
2
1
7
4
12
74
5
2
6
2
1
3
3
59
2
11
1
3
2
16
10
9
1
