0
4
66
14
2
3
10
5
1
5
6
3
11
29
34
10
12
9
24
10
10
9
13
1
5
1
6
3
10
6
17
8
6
2
3
4
7
3
22
4
9
12
7
0
46
9
11
8
2
2
6
3
1
13
98
7
2
7
21
5
8
4
10
3
2
8
8
7
5
5
79
1
5
1
30
6
1
3
6
20
1
4
19
3
1
1
6
40
1
1
9
3
37
3
3
15
44
2
7
12
1
1
1
10
17
1
4
11
1
1
4
3
4
4
20
6
11
6
14
7
6
1
9
27
13
1
2
1
3
5
5
8
6
97
5
1
5
7
7
1
1
16
2
2
1
6
15
2
10
1
3
5
3
23
64
3
4
0
39
6
4
7
6
6
2
6
5
10
2
5
3
38
5
10
57
80
8
22
3
8
7
51
5
2
6
10
54
5
4
2
2
57
2
16
4
0
4
1
1
8
8
48
4
12
2
14
1
1
1
3
9
2
2
5
3
3
1
3
3
1
34
1
5
2
1
5
9
12
2
1
21
4
6
2
5
2
5
3
3
2
23
9
8
40
4
11
2
6
2
1
3
5
1
5
10
7
1
11
3
3
5
9
4
8
6
18
10
4
1
8
1
2
10
2
5
11
7
8
13
54
1
87
2
5
3
8
5
6
