9
3
23
3
0
4
14
4
4
5
13
69
14
1
3
34
3
3
7
3
3
1
7
7
1
12
7
3
7
8
0
8
4
70
5
19
22
6
3
22
3
14
3
91
9
3
4
11
4
1
2
4
52
4
3
3
3
9
6
5
25
13
5
8
1
6
39
3
6
11
3
1
2
6
9
1
2
9
3
5
3
4
3
13
14
0
15
6
3
25
3
2
1
3
2
17
8
5
8
24
4
70
1
6
6
3
13
2
6
4
19
6
11
7
13
18
18
9
3
88
1
1
5
1
10
3
10
0
19
8
5
8
6
3
28
1
2
3
9
5
1
1
1
72
4
7
2
3
55
4
2
9
3
12
1
7
2
3
14
7
1
4
5
2
2
22
11
4
4
2
8
4
5
4
1
7
2
10
7
17
1
10
8
1
1
2
35
4
32
3
2
7
4
1
4
8
2
0
9
22
2
18
45
54
12
2
16
6
3
61
1
5
10
3
2
17
3
5
6
98
4
8
33
20
10
2
2
3
3
8
6
9
7
10
5
1
9
31
8
13
6
5
24
2
4
5
3
3
2
4
5
5
13
4
27
13
6
39
2
5
1
1
6
5
5
4
3
1
9
9
6
58
11
2
8
6
3
5
14
7
33
18
8
24
5
17
1
1
