1
7
16
3
4
7
4
13
7
12
11
4
7
2
1
97
10
12
52
1
3
4
41
12
4
13
3
3
14
62
2
2
8
2
5
14
8
11
2
4
10
2
11
34
30
2
14
3
6
51
7
4
1
2
13
9
3
3
9
20
1
2
9
2
8
7
1
8
26
6
1
80
1
4
0
2
16
1
5
3
48
5
15
5
3
2
2
64
6
87
6
6
2
11
23
2
11
5
1
18
5
11
6
11
9
2
18
7
11
24
5
2
11
48
4
12
6
5
3
11
1
4
7
2
6
11
1
5
5
1
1
5
35
2
7
9
12
2
4
12
6
7
9
13
11
5
18
6
5
14
12
10
23
66
1
66
10
5
4
33
5
2
7
3
11
37
15
19
4
15
3
3
3
6
3
0
1
24
10
2
46
5
3
25
2
13
6
2
38
11
8
8
6
13
2
3
3
5
8
1
0
4
2
12
6
1
3
8
21
3
3
2
6
6
5
3
3
8
1
1
18
6
5
3
9
15
3
2
7
2
7
8
3
5
7
1
2
2
3
4
1
62
1
10
2
2
2
16
4
6
3
55
8
11
40
0
2
44
14
13
4
5
44
6
1
3
8
7
2
2
10
1
13
1
1
4
6
4
39
5
3
3
63
3
3
3
10
1
