13
30
4
1
2
2
8
4
74
2
10
1
16
5
3
4
2
2
5
10
1
3
1
46
1
6
10
2
3
14
10
10
3
5
3
26
2
20
1
4
7
1
11
6
10
52
1
11
4
1
3
11
24
14
8
5
1
7
2
2
7
16
3
5
1
4
7
96
2
12
1
5
11
11
91
69
1
1
1
2
8
10
7
4
3
3
6
4
3
4
7
86
5
28
3
4
42
8
3
1
32
6
2
7
12
95
8
5
2
6
39
5
9
23
5
3
6
2
11
3
11
4
6
8
37
6
4
2
6
3
2
1
2
5
8
11
13
6
5
5
5
7
25
8
3
19
5
5
2
1
3
45
3
4
4
7
2
3
1
2
54
5
16
1
17
69
5
8
4
6
4
6
2
9
34
2
2
8
7
6
4
9
32
13
2
3
66
9
6
9
3
4
6
5
3
8
5
6
2
3
6
13
9
3
3
1
3
75
2
4
29
15
15
7
5
13
1
6
6
5
4
2
8
3
6
7
2
10
13
1
3
3
27
8
1
6
11
12
43
4
59
25
5
2
17
1
42
5
2
4
13
5
1
2
2
5
9
74
9
2
7
3
5
53
44
2
4
15
10
7
4
39
5
7
3
2
3
2
28
2
7
11
2
14
82
11
0
40
