3
13
2
5
12
24
2
34
6
3
2
13
6
6
3
4
4
11
7
11
4
5
5
2
8
23
5
5
23
0
10
5
2
11
0
6
32
0
23
10
6
2
3
3
2
7
4
29
13
5
7
5
6
1
4
5
3
14
4
6
1
4
8
5
2
7
2
8
3
3
3
6
8
1
13
4
15
3
5
12
4
62
12
16
7
5
4
5
4
3
6
2
3
3
95
7
4
11
4
1
2
14
10
8
5
1
14
7
22
9
6
5
6
3
6
5
4
2
6
8
2
15
71
20
8
3
8
10
14
7
13
3
5
2
4
29
4
19
12
9
2
2
4
2
8
4
6
5
1
3
5
11
2
2
1
3
8
2
26
39
1
0
40
1
19
9
6
1
9
6
2
11
2
4
3
1
41
9
1
57
9
25
5
4
6
2
1
0
8
20
1
5
7
7
2
25
11
6
1
1
3
16
7
5
21
3
1
3
64
15
2
2
4
2
3
2
3
1
2
1
5
23
5
2
26
53
82
10
8
8
1
3
8
1
1
2
11
10
6
11
6
2
1
6
9
5
36
1
7
2
12
2
0
5
8
1
4
2
3
11
0
1
9
10
4
3
3
3
2
12
12
10
7
81
17
2
12
17
0
3
1
15
10
7
9
15
2
13
