12
4
41
2
24
2
3
6
1
1
3
12
3
9
3
12
1
5
2
3
6
3
28
7
3
4
5
2
11
23
38
7
6
2
13
17
3
1
8
35
11
2
13
1
2
0
14
2
3
5
15
94
11
95
6
11
6
6
6
11
13
3
2
4
1
2
78
16
97
9
1
3
1
5
7
10
6
4
1
10
16
3
13
7
1
5
7
5
2
8
2
49
8
7
6
5
2
5
8
2
6
5
10
1
3
5
3
5
11
6
5
5
9
74
1
9
11
79
1
3
12
2
5
12
4
5
9
5
2
6
5
5
6
3
4
6
1
0
3
3
13
2
4
20
5
5
8
6
2
25
17
2
1
6
5
6
16
2
1
4
2
2
10
1
6
0
8
4
3
13
2
23
6
6
6
4
32
1
5
25
0
5
6
2
6
6
17
6
1
5
8
13
13
7
2
39
5
2
6
5
3
6
5
16
2
2
1
1
5
1
2
3
64
3
6
6
3
39
40
10
6
2
50
3
5
89
8
4
6
3
11
5
11
6
10
12
2
6
17
10
12
4
6
6
11
2
5
3
47
5
0
6
19
36
8
7
7
43
5
3
5
3
6
5
10
16
8
78
5
7
8
11
2
1
2
13
2
7
8
8
1
11
1
2
11
6
9
5
