2
40
2
3
10
12
10
17
3
7
8
7
2
2
6
6
5
5
18
0
3
3
0
1
5
1
1
5
2
17
25
3
2
1
6
10
7
3
7
0
7
21
2
2
3
20
3
3
3
7
39
2
8
2
3
11
7
9
14
5
3
90
16
7
6
17
15
12
10
6
8
6
3
1
7
2
32
7
6
11
6
14
23
3
2
3
3
6
28
8
4
38
1
3
12
3
5
13
6
12
46
6
4
5
2
1
2
6
1
2
8
4
5
6
5
1
9
15
7
5
6
1
8
6
11
7
5
3
3
6
0
4
3
11
1
6
12
5
12
14
2
5
6
7
4
2
4
5
24
2
1
58
1
7
1
1
7
12
16
3
8
33
5
3
2
5
2
25
5
6
0
3
3
0
3
0
2
15
4
7
22
6
1
8
10
24
6
1
5
64
10
2
0
6
98
6
6
8
10
1
1
4
6
2
2
5
6
3
0
13
1
4
6
2
5
5
10
4
1
7
11
2
1
5
11
13
1
2
5
1
10
7
1
2
9
1
9
1
0
5
11
14
3
27
9
87
6
12
20
99
5
3
4
1
10
12
8
3
5
16
6
2
5
11
10
5
1
1
48
9
1
2
2
14
7
13
6
9
0
4
3
0
9
2
74
7
8
13
