5
6
7
1
1
5
3
16
6
30
8
11
1
20
4
2
6
8
2
13
5
5
21
11
12
3
3
12
1
5
2
3
6
3
5
8
4
40
3
3
11
4
63
2
1
9
3
1
39
2
93
7
9
3
3
3
7
17
10
6
6
37
3
3
7
7
8
2
5
5
5
9
18
6
3
18
5
25
2
15
8
18
2
6
12
4
2
7
3
6
1
2
2
9
6
1
24
2
1
7
5
3
5
1
6
3
62
9
4
3
5
75
13
1
46
1
4
8
21
14
5
53
6
9
83
3
3
7
3
4
3
5
24
10
7
6
10
6
15
3
4
5
4
10
4
26
5
6
1
2
7
14
4
5
3
17
33
11
0
3
3
3
4
43
19
1
1
3
10
3
63
2
1
2
6
42
2
2
58
6
8
13
8
13
1
5
3
44
48
3
14
3
3
5
8
7
93
22
9
1
4
4
7
6
1
6
8
7
2
10
68
4
89
4
9
7
2
7
1
3
6
3
4
12
3
2
6
13
6
1
9
1
4
5
1
10
21
6
0
22
3
5
1
5
2
2
7
7
1
3
5
2
6
6
6
7
3
16
3
6
2
6
4
2
5
3
31
5
41
3
3
10
3
7
2
3
1
2
5
3
1
9
4
6
3
50
2
3
