6
2
3
1
8
10
1
7
1
13
12
4
12
3
3
2
1
9
2
12
7
2
5
2
6
2
10
5
7
1
2
2
2
11
11
2
12
1
9
1
4
17
9
2
9
5
21
26
2
2
1
5
4
2
2
8
14
1
3
7
3
10
9
8
6
2
15
0
0
3
49
1
3
7
14
21
5
5
2
21
8
2
10
3
50
59
2
3
1
3
4
1
5
8
16
4
5
2
12
24
6
9
0
12
7
6
2
0
5
8
1
2
77
5
3
9
7
11
14
1
2
6
8
9
1
3
7
2
12
10
2
2
2
89
12
11
0
0
2
7
48
2
0
6
4
7
3
2
3
5
4
7
36
3
3
13
4
14
3
7
2
3
60
5
0
2
1
5
12
4
59
16
1
2
0
1
4
5
4
9
5
2
3
2
1
33
11
2
23
1
2
4
38
6
1
21
1
10
1
0
10
3
7
3
2
6
4
8
1
5
12
12
15
14
2
6
3
4
4
6
4
9
9
11
14
11
2
7
7
13
10
3
13
5
18
32
17
10
56
4
10
2
3
6
5
3
4
58
5
54
7
51
1
8
43
29
6
11
3
6
3
2
7
8
0
3
2
3
9
11
1
34
6
9
1
45
10
6
3
14
0
2
8
1
3
2
14
7
