4
7
7
4
9
3
7
5
20
5
4
29
43
42
50
62
4
8
7
17
1
2
1
4
0
35
4
70
5
7
8
4
1
2
4
4
0
12
2
10
2
11
58
5
2
1
2
1
7
12
45
3
12
7
1
1
4
2
9
3
12
31
4
17
5
4
6
19
3
4
93
2
6
9
4
6
13
2
3
5
59
3
2
5
1
4
5
51
1
3
6
11
8
4
5
9
49
83
4
3
9
3
15
7
6
21
0
8
5
5
3
2
3
5
3
9
9
5
3
2
9
3
21
1
1
8
10
23
2
2
11
11
4
0
20
9
3
7
14
1
5
2
1
14
4
24
6
15
2
4
3
2
3
9
5
8
3
2
3
5
2
1
3
2
6
9
6
5
0
3
4
4
8
14
7
7
14
49
6
26
2
1
6
9
3
10
2
5
1
1
5
13
16
5
6
4
5
1
8
5
2
4
1
17
8
1
1
47
6
1
8
1
6
2
58
1
7
15
8
0
33
5
12
6
7
15
98
49
2
0
1
98
7
53
2
1
8
3
47
2
5
2
5
0
5
4
14
21
2
14
3
2
0
3
2
4
2
5
9
16
4
2
49
8
4
5
6
9
2
7
2
26
8
52
0
10
16
2
3
42
22
39
6
38
12
8
7
4
