5
9
3
2
3
3
5
9
5
2
1
5
10
1
46
9
2
1
2
6
7
13
2
10
4
4
1
8
3
2
6
14
3
4
10
3
2
2
6
12
3
14
2
7
11
2
0
5
8
3
9
10
17
2
10
34
2
7
13
2
6
11
12
14
1
3
11
2
6
21
11
5
6
2
1
0
3
6
7
2
20
8
1
21
0
4
11
2
5
11
4
15
9
4
11
12
1
32
7
14
13
6
5
36
9
2
3
13
11
6
8
10
8
8
8
5
2
5
7
11
4
1
4
10
7
3
5
73
8
2
3
4
11
2
3
7
4
1
5
2
6
2
6
14
15
5
3
11
9
8
5
3
2
35
2
2
3
1
12
9
18
11
39
1
9
2
3
9
7
2
4
2
0
1
1
79
7
12
32
11
11
6
3
4
2
1
38
0
5
12
7
3
13
10
2
2
6
18
7
10
1
13
5
5
4
1
8
2
8
2
33
2
4
2
9
12
11
19
4
2
2
11
0
2
13
5
1
3
3
14
15
2
26
8
1
3
2
22
2
3
46
8
10
2
5
3
13
2
2
2
1
11
0
31
5
95
21
14
2
3
7
23
10
1
5
3
4
1
14
3
3
4
6
20
5
2
6
9
9
47
12
10
3
17
2
9
1
46
