1
2
12
7
2
2
2
3
9
4
8
2
1
9
13
23
3
6
4
11
1
2
3
2
45
8
2
3
9
7
4
23
7
3
2
2
9
5
51
14
7
5
3
6
2
4
1
3
0
5
1
4
2
5
21
3
36
1
11
9
5
53
2
2
3
22
1
14
2
1
2
9
1
4
2
5
18
5
6
1
2
5
2
16
2
0
17
2
2
25
38
2
4
12
11
3
3
1
5
2
37
51
0
21
7
15
5
0
2
12
8
1
2
6
0
4
4
7
8
9
4
1
4
5
8
2
0
3
5
2
5
4
1
97
8
5
69
1
16
6
6
1
2
1
3
3
4
4
1
2
2
2
3
3
2
3
45
2
11
81
82
6
3
6
1
1
32
8
10
0
2
2
97
7
4
3
9
6
3
14
0
6
1
2
7
3
22
6
7
3
6
4
6
9
0
4
3
79
89
9
11
24
98
2
3
7
17
17
15
11
2
10
2
9
18
2
54
0
9
66
9
5
16
12
10
19
6
6
6
1
94
24
1
4
9
7
2
5
28
6
8
4
26
15
3
2
3
6
2
2
8
55
1
7
95
2
3
6
11
2
12
8
2
2
6
6
2
6
8
12
3
10
2
97
1
9
5
4
4
21
9
2
2
1
2
3
2
3
