11
10
36
22
5
2
47
41
6
6
3
25
16
6
4
26
6
0
5
97
4
6
55
4
26
97
9
6
11
47
58
2
2
2
4
5
6
43
3
5
37
44
8
2
0
10
7
2
9
1
7
1
7
2
7
3
1
5
7
3
6
1
76
3
3
13
8
2
15
2
3
1
3
13
3
4
2
1
92
48
6
9
2
71
12
7
3
12
10
3
91
8
22
61
2
3
8
12
5
10
48
10
3
2
9
5
1
1
6
4
5
6
2
11
45
1
6
20
2
6
8
2
9
6
8
8
78
97
2
4
6
15
13
22
18
2
8
11
4
5
10
97
7
12
2
2
5
2
6
15
5
7
2
28
5
5
5
2
7
7
3
2
12
57
25
13
6
1
2
15
3
1
4
33
2
4
2
23
5
6
7
6
14
3
22
10
23
2
6
14
4
5
36
6
54
3
3
2
4
1
3
3
7
96
8
1
4
33
1
10
34
60
2
3
5
95
4
14
8
3
1
7
0
12
5
7
4
4
18
5
4
83
3
1
9
10
21
13
1
2
2
8
36
1
13
7
95
2
80
8
10
45
3
3
1
1
3
7
19
3
5
2
10
6
7
5
4
3
2
9
3
2
2
22
13
8
3
23
14
7
5
12
2
1
9
0
3
26
