3
1
1
1
2
4
5
37
8
5
3
3
11
3
30
2
7
2
11
14
7
3
43
4
11
0
0
7
2
15
1
13
3
9
26
11
1
18
10
5
5
3
1
12
3
9
6
1
12
1
68
87
3
4
14
8
11
2
1
9
20
7
39
11
11
1
81
7
3
12
2
6
83
50
1
5
1
5
3
22
2
5
1
5
2
3
7
6
2
28
7
11
12
3
11
5
4
13
12
5
3
4
4
18
5
3
2
2
9
1
1
1
2
1
2
2
3
5
6
16
1
10
2
5
6
6
20
5
6
6
2
1
10
53
6
7
13
4
6
2
1
2
15
4
2
6
4
33
6
23
23
16
7
8
3
2
5
7
3
8
40
9
1
49
26
6
1
39
23
0
2
55
4
7
3
4
3
5
7
13
5
54
1
26
1
10
3
6
7
7
11
4
4
9
32
45
4
24
3
4
4
86
2
8
0
1
7
15
0
6
3
1
3
2
3
5
3
9
1
4
4
2
4
9
1
4
28
2
13
9
10
2
2
1
10
2
3
2
1
3
1
2
2
5
1
7
2
12
7
6
7
3
8
3
5
11
8
48
43
1
3
3
1
9
5
3
34
2
9
9
1
5
26
3
1
19
3
6
1
3
5
15
7
20
6
5
10
2
