6
2
5
2
1
3
11
3
3
5
0
13
1
4
10
3
10
7
3
27
10
2
2
5
5
10
7
6
2
1
2
1
2
3
9
13
9
2
2
11
25
21
9
6
28
12
1
2
3
4
0
3
1
1
1
74
6
3
1
7
4
3
12
6
11
9
11
6
1
1
48
12
2
9
5
4
3
4
11
3
9
16
7
10
6
1
6
6
19
3
7
6
7
6
11
6
10
5
13
6
11
6
8
66
1
5
9
11
10
0
6
9
5
4
12
3
8
2
9
4
6
1
91
16
3
56
6
2
3
5
12
9
2
1
12
2
2
17
2
1
13
52
8
6
7
4
1
4
0
17
4
2
2
3
29
21
8
9
56
15
3
4
15
1
0
5
1
10
16
10
8
7
5
5
6
5
3
2
14
0
8
0
2
1
14
7
2
11
6
3
1
2
2
1
12
12
16
3
2
33
6
6
9
3
8
23
13
6
7
29
8
3
11
6
2
5
1
10
5
8
44
32
3
11
1
1
2
7
1
15
2
11
13
3
5
25
5
15
98
26
7
8
2
24
1
29
3
4
3
8
10
3
5
7
2
22
4
3
8
6
6
5
11
3
4
7
5
7
5
7
11
32
1
3
10
42
2
1
10
8
1
10
88
2
6
1
4
2
