4
18
26
5
3
1
3
10
3
9
14
8
3
3
4
1
36
5
47
6
3
64
4
6
9
93
13
3
7
7
2
6
40
41
14
1
5
3
2
3
26
8
12
7
4
17
3
1
14
0
11
3
10
0
3
11
13
25
3
2
3
11
9
1
9
34
1
5
4
8
4
0
8
1
2
4
3
4
11
15
3
7
6
1
12
25
5
3
2
16
4
4
1
12
8
7
1
0
3
4
10
10
3
4
48
26
5
4
7
8
4
4
15
32
6
11
1
4
13
7
8
16
98
0
13
6
4
3
33
6
1
1
1
6
13
8
61
7
11
15
6
3
71
13
4
7
5
3
99
15
5
11
5
1
1
3
25
16
3
6
2
0
5
5
0
8
4
5
96
9
4
6
24
13
14
3
7
5
56
2
7
3
11
9
5
6
2
28
5
14
97
7
12
3
7
4
5
0
6
5
6
1
4
5
5
2
8
3
18
2
10
8
4
15
5
0
7
11
8
0
6
25
2
19
2
11
15
9
5
1
3
2
24
21
8
12
1
2
27
5
2
5
13
5
3
6
1
3
1
4
6
3
2
3
22
2
26
9
14
23
8
1
3
14
3
9
28
11
6
4
30
6
0
3
7
33
1
32
2
24
17
1
2
3
1
6
8
8
