6
3
3
6
7
3
2
18
2
11
3
3
2
5
0
6
10
0
0
0
8
12
7
1
2
8
2
2
4
19
2
6
6
4
4
2
17
5
21
4
3
3
6
10
3
42
1
2
5
1
11
1
1
5
3
4
1
6
11
3
4
5
7
8
2
3
1
8
16
8
6
11
1
10
1
18
1
3
2
14
5
8
12
4
0
3
11
3
5
12
1
17
11
5
0
11
2
4
6
10
0
3
8
5
3
3
4
11
2
4
2
6
3
6
6
3
23
13
2
5
33
3
1
4
2
2
8
8
9
6
13
3
8
63
2
5
7
14
6
4
6
7
6
3
33
7
5
2
15
2
27
15
8
10
2
5
1
34
12
8
24
1
2
2
2
5
14
5
0
1
1
2
11
7
2
9
13
2
1
64
5
4
2
12
13
9
5
5
15
40
0
6
3
7
11
1
5
31
1
2
1
1
5
37
9
8
4
8
4
3
7
13
3
8
21
8
2
6
0
9
24
38
1
5
11
37
8
2
11
76
7
7
2
5
3
52
7
9
26
7
12
9
8
4
6
1
9
8
5
1
38
5
7
6
3
37
14
2
6
2
5
4
6
10
5
33
10
34
3
6
5
15
3
20
5
3
11
10
1
16
6
5
1
2
9
17
2
5
