2
7
5
5
17
5
39
10
7
6
22
2
4
3
4
55
16
9
5
5
2
34
5
6
14
2
39
5
7
9
8
1
5
1
34
7
4
4
9
2
9
2
5
1
10
3
6
3
38
54
1
3
9
3
1
6
9
29
20
11
48
7
1
1
1
3
10
22
6
4
1
0
3
63
9
3
9
11
6
2
26
2
1
13
1
25
3
1
3
9
10
1
60
5
2
3
3
4
1
3
15
13
6
11
9
1
5
10
4
8
3
1
1
11
12
1
10
2
4
4
14
17
4
5
3
9
3
9
84
5
5
60
5
4
12
8
3
22
1
9
22
7
5
8
9
7
3
97
2
26
3
2
4
3
7
19
7
33
4
16
4
2
3
2
4
19
4
7
12
10
3
1
20
22
21
1
5
2
5
13
8
12
3
4
7
1
12
14
1
2
1
4
3
4
5
5
13
16
42
5
5
3
2
2
2
3
3
6
87
7
11
3
6
5
6
3
2
3
2
3
40
7
6
2
0
14
7
5
1
1
2
4
11
3
8
5
41
1
8
10
65
1
6
6
9
7
3
10
2
2
53
14
12
2
2
2
2
3
0
8
5
2
1
11
4
5
5
3
1
0
28
3
2
3
9
3
1
2
12
8
3
7
9
1
2
12
10
3
