1
9
7
9
3
1
7
6
23
5
6
7
17
3
1
5
43
1
2
12
12
1
1
2
8
7
10
23
2
3
1
68
1
23
2
8
11
78
1
5
7
4
1
3
7
3
20
10
2
1
4
3
6
10
7
12
12
4
0
3
2
95
5
0
1
68
6
12
1
2
14
1
6
5
8
9
2
6
49
8
1
5
9
6
12
7
1
0
2
21
12
2
0
1
12
8
4
2
10
2
2
4
1
19
2
11
6
0
0
15
12
6
18
15
9
3
3
0
7
2
11
11
6
15
3
10
11
6
4
8
8
7
6
38
6
4
19
39
7
10
11
7
4
3
8
6
1
2
6
93
40
2
2
3
3
5
14
1
89
15
5
59
1
9
4
7
4
6
1
42
2
3
3
3
1
3
1
9
1
9
9
11
4
1
1
21
0
14
37
2
5
9
1
2
18
82
2
2
5
19
8
2
12
5
1
1
1
12
12
3
5
10
3
60
12
6
4
2
3
2
4
8
4
3
2
4
0
7
5
8
6
3
8
3
3
3
1
5
6
15
3
1
15
1
94
3
12
7
8
10
14
2
11
3
4
8
7
6
48
10
8
4
2
14
6
2
4
10
31
6
7
51
5
0
19
4
1
1
8
1
7
2
0
5
14
7
6
11
