6
56
1
1
3
7
7
2
5
11
6
12
0
6
1
17
4
5
27
4
13
4
3
2
0
11
2
5
10
3
8
1
6
2
2
2
4
4
3
11
5
7
8
6
7
8
2
6
14
4
3
11
4
9
0
2
1
4
9
3
10
1
2
1
11
1
11
8
1
0
6
17
6
3
12
7
7
2
5
5
3
5
1
7
9
6
4
8
2
8
25
3
24
95
1
4
6
27
6
6
3
5
3
12
3
5
3
75
7
13
2
94
6
3
2
5
5
4
3
5
5
1
16
1
23
3
10
3
8
2
1
13
5
3
9
3
9
2
6
3
2
13
9
8
4
3
3
13
1
20
0
0
4
2
2
7
5
10
10
7
10
13
60
1
1
1
2
64
60
2
16
5
1
1
1
10
12
17
4
98
15
5
15
63
6
28
7
1
2
10
7
7
2
4
9
3
44
5
3
3
5
37
41
0
3
1
10
5
4
1
5
1
3
65
7
25
1
17
1
1
7
7
1
3
3
7
12
2
14
15
4
3
11
8
2
33
12
4
0
2
0
2
1
4
1
2
14
7
0
1
5
5
6
12
3
2
3
2
7
6
2
4
5
5
8
11
3
5
7
10
2
5
1
2
7
2
12
10
10
15
13
3
4
3
15
5
12
7
