20
5
1
3
1
13
3
10
58
7
19
4
11
2
5
6
12
19
6
3
5
5
60
1
3
11
5
4
98
18
8
5
3
6
7
44
8
2
6
4
4
1
5
19
24
3
5
4
8
11
8
2
5
8
52
14
5
2
5
3
2
1
5
9
6
12
3
3
2
3
40
4
4
12
47
33
2
32
2
5
3
3
2
25
2
5
2
0
51
11
6
2
1
13
3
7
11
9
16
9
4
45
12
4
4
2
15
5
6
9
9
2
9
6
7
5
4
3
1
7
7
6
3
3
4
10
9
1
12
42
2
5
6
4
8
9
7
7
14
0
12
13
26
2
2
14
3
15
6
21
6
2
1
4
2
2
5
44
5
9
18
11
1
5
5
1
6
9
4
10
3
3
4
44
1
2
39
5
3
15
2
23
2
65
2
12
4
8
45
7
15
2
30
10
3
28
11
7
3
2
1
27
1
38
5
39
4
4
4
5
2
8
2
4
53
81
5
6
1
2
7
8
1
16
8
50
32
5
7
49
4
2
2
11
5
7
51
51
14
7
3
5
3
0
4
6
1
24
53
16
2
4
2
7
5
18
7
7
4
3
1
5
12
6
25
3
1
8
5
6
14
6
4
5
3
23
17
14
1
11
5
5
11
2
8
2
4
8
