22
14
17
12
3
11
1
5
13
2
3
3
10
9
1
2
5
1
3
1
4
1
0
2
9
4
5
5
4
3
1
2
11
4
6
0
10
1
13
3
4
3
2
12
2
1
2
3
2
1
4
12
4
3
6
2
6
14
9
25
3
3
15
5
11
99
3
2
12
6
97
12
6
5
8
5
5
7
4
5
3
1
6
10
12
3
10
5
8
1
9
7
2
4
3
7
1
8
24
48
45
1
5
3
6
10
4
10
4
5
6
5
13
6
4
6
6
7
3
7
8
15
19
3
1
2
14
11
3
8
13
20
2
35
5
9
2
3
2
14
5
8
1
2
13
9
8
2
2
8
2
2
1
0
6
2
33
4
10
7
8
1
5
3
61
2
1
2
10
17
2
7
2
2
8
7
7
1
2
4
0
14
12
6
2
3
3
6
13
59
24
2
2
42
54
4
3
2
13
5
7
5
4
12
3
98
89
83
1
1
4
3
60
9
2
34
8
12
3
3
1
7
3
2
4
28
2
4
1
8
5
2
1
12
8
21
5
4
16
10
3
8
1
53
10
2
8
3
5
3
9
6
28
2
1
1
7
28
1
9
12
11
45
4
2
5
2
5
25
7
7
4
3
8
0
1
2
3
7
3
0
9
1
1
6
15
9
1
