55
6
2
10
8
39
3
38
7
10
5
1
4
6
13
1
12
3
3
22
8
12
5
2
12
12
13
13
4
4
3
9
22
27
51
5
24
6
3
4
3
4
2
3
2
30
24
9
12
8
17
8
15
13
4
3
2
15
8
5
12
1
11
2
20
5
3
6
3
3
5
7
28
0
16
5
2
6
5
6
20
27
24
4
3
3
7
3
6
2
3
5
77
5
5
1
5
2
4
7
14
2
1
4
6
4
15
6
3
1
3
94
7
1
4
7
97
1
14
6
2
6
46
3
5
3
5
3
7
8
15
9
3
6
14
4
11
5
4
1
4
4
3
4
4
7
9
2
8
3
7
28
4
1
24
4
6
35
9
3
8
39
9
1
6
32
39
6
2
5
38
28
10
3
76
5
99
2
11
3
6
31
56
18
1
2
3
11
2
68
40
6
4
36
12
2
7
13
5
5
6
3
13
7
4
1
3
74
6
7
7
1
1
1
4
1
28
1
8
3
7
14
12
30
6
3
3
6
7
4
1
2
2
6
2
12
3
3
1
42
3
12
8
6
4
6
2
11
30
7
3
3
2
7
0
2
6
6
6
1
18
1
3
4
10
3
2
1
7
6
1
4
8
11
30
3
7
7
1
2
61
11
64
0
1
1
6
6
