12
12
8
3
6
3
1
14
2
1
52
2
6
49
3
1
1
9
44
7
5
5
8
2
1
3
40
4
5
2
8
3
5
1
43
5
8
10
6
6
6
8
15
4
14
52
21
11
2
10
6
5
11
23
7
6
1
1
4
4
15
4
8
6
95
14
14
14
3
3
22
1
3
2
36
2
71
6
6
2
7
25
2
24
3
5
14
5
4
2
1
1
6
2
2
6
46
6
5
6
4
3
6
0
6
4
23
17
26
5
1
7
1
1
2
7
8
15
4
9
7
11
1
6
6
56
5
4
97
3
10
2
4
2
6
1
4
9
12
17
11
3
12
1
2
4
4
2
59
14
48
10
11
9
1
8
3
3
11
27
8
3
4
5
11
5
3
1
7
12
6
58
5
18
11
5
2
2
3
3
3
11
4
2
12
9
5
4
6
2
2
2
47
5
2
5
7
7
1
8
3
84
8
6
3
1
1
2
7
13
5
3
2
17
8
98
5
9
12
2
2
3
8
6
8
6
10
5
8
1
3
27
3
15
1
2
2
0
2
2
7
3
2
4
11
3
29
2
1
42
2
11
17
9
31
1
43
1
45
7
10
3
1
6
76
2
1
2
8
2
28
3
11
9
31
1
5
12
14
32
5
11
9
13
5
3
6
4
