30
2
2
2
5
55
7
5
6
10
10
1
20
6
3
5
7
2
12
5
9
3
14
8
7
6
58
5
3
1
6
5
5
7
3
3
9
16
0
89
24
4
3
5
41
2
4
2
6
46
11
1
1
4
8
1
5
1
1
5
5
47
12
95
3
0
11
3
3
6
41
2
4
1
10
12
3
8
0
5
3
16
16
3
3
5
4
4
2
0
12
5
3
2
3
2
1
0
5
6
19
18
14
19
48
2
10
1
2
1
27
4
10
57
5
6
5
14
2
5
2
4
5
5
7
1
5
59
6
2
54
2
6
9
3
9
2
99
13
3
10
3
1
12
2
1
3
13
7
82
2
6
12
6
6
99
3
4
5
6
7
3
18
7
17
5
5
2
2
2
6
1
1
10
5
2
10
7
6
3
3
19
16
19
6
3
16
9
4
5
43
3
1
42
2
5
4
24
5
1
8
5
16
2
13
5
3
0
6
2
5
21
1
1
8
10
7
96
2
2
5
6
1
9
5
2
1
6
9
13
6
35
5
5
21
5
8
2
45
1
1
2
6
10
1
9
5
10
35
4
3
21
3
7
1
19
10
2
6
27
1
1
30
34
19
5
5
1
23
1
23
8
11
4
10
19
7
6
2
3
6
6
88
88
13
30
4
1
