2
80
3
8
12
2
65
52
62
15
2
4
29
33
40
5
2
3
51
11
3
4
7
7
28
6
4
2
3
2
14
7
1
1
52
6
29
4
6
18
2
0
70
2
6
39
5
20
11
20
6
3
7
3
3
1
10
3
8
1
5
6
11
11
13
0
7
7
4
0
16
5
2
2
19
2
9
2
1
1
0
15
5
1
4
13
6
43
2
20
5
4
6
2
6
8
1
10
5
5
13
6
5
10
3
5
3
0
5
6
7
9
20
12
6
7
7
6
4
44
10
51
6
7
6
2
6
1
3
1
10
7
4
5
2
2
19
3
5
2
54
1
65
3
22
8
2
2
17
1
13
12
2
5
17
18
6
4
61
1
2
0
26
35
3
21
17
3
2
4
2
0
3
7
12
1
2
41
8
3
8
1
18
0
21
2
6
3
4
7
8
1
11
1
4
1
4
2
5
72
2
48
2
5
5
12
3
0
46
4
3
7
2
2
2
5
1
2
6
2
19
13
10
40
3
1
1
9
3
1
10
5
2
2
2
95
8
3
6
10
5
2
6
9
3
4
9
7
2
2
3
3
4
12
9
2
8
5
24
4
8
7
5
5
5
2
2
14
2
4
1
6
8
3
2
11
6
1
26
2
6
3
9
0
7
2
5
1
