2
2
4
9
5
2
11
9
12
6
90
3
4
12
10
4
1
1
2
7
7
7
17
2
1
9
4
4
12
2
2
2
5
0
5
8
3
1
2
5
3
20
3
2
3
3
6
3
1
2
5
12
5
12
5
22
1
2
2
3
5
6
6
11
6
9
1
6
6
7
17
8
2
10
1
4
1
2
3
1
13
9
2
6
10
22
6
25
2
12
7
0
4
18
10
5
95
13
6
5
8
8
4
1
5
2
2
7
0
3
5
7
0
6
9
11
1
7
9
0
8
2
6
15
3
5
13
3
6
2
1
8
4
13
3
1
6
32
13
6
17
2
1
6
5
2
6
1
8
60
2
7
1
3
15
7
7
23
10
5
2
15
3
7
2
17
2
8
14
7
7
6
2
9
2
1
3
5
2
3
1
11
0
51
1
8
3
6
1
11
5
41
2
10
10
1
12
4
11
2
6
12
1
1
5
1
3
27
4
55
0
5
2
20
1
45
5
11
48
8
11
3
8
5
4
5
1
0
2
6
2
11
6
3
0
3
0
5
5
48
19
3
0
4
4
5
3
2
2
3
0
5
1
6
10
4
6
53
2
8
3
7
6
6
2
4
4
15
2
25
3
6
11
5
1
76
9
5
40
1
8
3
7
15
5
1
47
5
