4
5
5
6
73
2
1
3
10
48
4
4
1
5
44
9
5
8
4
9
10
8
3
8
10
22
3
5
16
2
3
3
2
5
4
7
10
6
9
5
7
7
4
7
11
7
94
5
3
8
14
0
1
38
2
5
13
1
0
1
5
12
4
4
8
3
0
17
10
2
1
30
9
1
10
13
40
10
16
39
1
3
9
9
3
2
4
3
3
14
3
3
3
5
13
1
17
3
3
2
15
1
13
6
53
4
27
4
5
1
5
7
4
7
13
9
8
10
14
5
12
7
3
45
3
4
5
19
4
25
10
1
12
30
21
39
13
51
3
9
3
4
1
3
9
1
39
2
10
17
7
3
44
5
4
3
6
99
19
8
5
5
11
6
1
11
7
6
4
6
4
6
26
1
1
6
3
4
2
2
3
6
4
4
7
5
5
12
9
4
6
5
12
2
2
7
9
1
3
70
11
3
11
6
3
56
10
12
6
4
1
5
28
2
2
7
6
6
2
2
9
10
15
51
6
45
1
2
1
7
1
5
1
27
13
3
3
2
2
2
7
32
3
3
40
2
17
6
33
13
15
8
3
39
4
1
1
4
22
8
30
8
3
3
8
9
1
19
1
13
3
0
34
13
33
3
3
6
6
1
13
12
2
5
3
1
3
4
