2
3
6
2
2
8
12
35
3
9
46
4
4
34
4
7
45
7
31
2
7
2
0
4
32
3
5
6
23
1
5
5
4
30
4
9
66
19
1
8
4
4
19
3
8
5
2
2
5
2
11
46
2
9
20
1
6
3
30
13
1
2
4
5
6
4
6
9
4
1
0
2
35
3
6
14
3
12
50
5
27
5
3
4
93
20
0
1
9
7
7
4
39
2
1
10
3
3
4
4
5
13
3
12
20
4
88
8
1
27
17
19
4
9
59
7
3
27
7
1
6
7
31
66
30
25
19
1
4
39
3
36
5
3
2
5
32
12
13
5
2
2
3
4
34
3
4
14
1
7
25
5
18
6
10
5
0
16
6
8
6
1
1
2
1
5
3
4
41
99
10
2
7
2
2
5
65
2
11
0
71
1
4
2
3
6
1
5
2
9
7
7
2
2
10
5
2
7
36
1
7
7
9
3
1
2
21
6
56
8
5
3
10
2
9
4
24
4
0
4
5
8
45
17
3
6
2
1
27
5
1
1
9
6
99
1
56
5
12
5
1
4
6
3
46
2
3
38
12
6
6
2
3
6
10
3
2
1
6
5
1
8
82
4
5
8
0
27
9
5
5
2
3
7
71
63
4
2
17
1
1
2
5
4
1
3
5
1
