1
9
9
18
0
1
0
3
1
7
5
6
5
17
2
1
2
13
5
1
9
12
2
0
19
17
2
13
0
5
31
3
3
1
2
5
5
4
0
6
92
6
3
33
5
8
1
3
2
13
1
2
6
9
3
10
2
1
12
10
5
0
1
1
3
6
8
1
12
1
10
5
7
6
2
11
1
10
6
10
7
15
6
6
5
4
6
3
1
6
4
5
9
2
3
5
43
3
4
3
9
5
8
80
6
15
5
6
1
51
6
12
5
11
7
7
23
5
4
11
5
6
10
13
7
12
3
3
7
5
7
4
5
7
6
12
1
4
5
1
11
6
49
13
9
5
14
3
1
17
58
10
5
0
13
29
9
0
26
0
1
3
5
1
3
0
0
2
5
3
25
4
25
8
2
2
1
2
8
5
61
3
4
24
2
17
3
98
24
1
5
5
6
22
3
0
6
6
6
3
14
3
35
3
54
1
10
6
1
1
4
8
2
6
5
7
16
2
6
3
4
1
5
26
3
1
13
23
90
3
18
6
5
11
29
7
1
4
5
8
4
24
2
1
8
8
17
5
8
5
4
5
7
8
7
15
1
9
48
5
73
8
2
5
6
4
6
10
1
2
4
37
2
13
13
36
5
6
4
1
1
1
6
1
2
5
10
2
