11
11
35
16
10
6
24
97
8
30
7
0
19
0
13
9
7
7
11
2
9
19
1
3
5
1
19
7
11
8
5
9
1
8
3
7
41
5
2
9
6
3
8
8
4
11
8
0
7
2
3
6
3
8
1
3
2
26
1
20
1
37
3
6
16
1
5
5
3
10
17
5
23
2
3
1
27
4
2
2
4
2
6
8
2
23
5
6
1
2
1
5
3
1
3
6
4
2
22
4
3
7
4
4
5
15
59
4
5
4
6
8
53
4
14
5
5
4
21
1
3
5
10
2
3
10
16
4
24
4
5
8
10
1
3
99
4
2
12
5
1
2
27
3
42
8
1
2
5
20
12
2
1
2
8
3
2
2
5
3
4
7
1
15
10
19
20
2
8
6
18
4
6
11
3
5
3
5
7
27
3
5
71
58
2
4
51
3
39
3
2
1
1
5
1
3
10
1
5
21
99
1
2
10
99
2
1
10
7
2
1
5
9
7
3
90
4
1
6
11
2
18
9
2
8
11
5
16
11
6
16
6
2
6
2
11
15
18
1
1
2
1
11
5
27
6
27
6
21
12
3
1
9
8
6
4
2
11
6
2
12
14
5
6
6
4
14
13
3
7
7
6
1
7
6
5
9
8
8
27
5
12
3
4
27
4
4
21
