5
1
27
3
0
3
20
2
2
12
3
6
10
11
5
3
2
2
9
13
6
0
8
16
10
2
6
4
2
12
2
13
4
23
12
0
1
11
2
7
5
3
3
8
14
3
3
4
3
3
3
15
1
6
31
3
6
11
35
6
1
37
1
6
6
0
4
3
6
6
12
3
5
7
7
1
5
4
5
50
96
8
2
10
13
6
1
7
6
25
4
12
2
1
7
20
9
3
12
2
3
4
7
8
77
4
2
9
2
6
8
3
1
8
9
2
14
3
6
2
5
6
87
9
1
4
5
10
13
10
1
13
47
5
11
6
7
4
28
2
6
7
4
5
4
1
1
14
12
2
8
11
8
1
9
0
0
2
7
98
0
10
15
8
1
2
24
3
2
61
7
44
0
6
11
1
15
4
7
8
4
7
0
7
7
7
11
2
2
22
20
6
64
5
5
6
1
41
39
5
3
13
8
1
6
7
33
0
1
42
2
6
29
5
5
13
1
8
5
37
8
3
2
5
5
22
2
2
6
10
21
4
3
4
10
22
49
26
1
2
3
8
3
8
2
11
0
3
7
16
1
6
5
6
8
49
1
14
15
2
6
3
13
5
0
10
6
2
0
35
8
13
6
20
3
4
13
4
3
2
4
45
11
2
6
6
4
2
