3
2
11
10
3
14
7
2
58
6
5
12
2
9
1
27
7
11
6
3
3
12
2
2
5
1
3
7
3
2
8
1
1
1
10
1
2
1
10
9
19
1
2
1
4
9
1
10
5
10
21
7
2
8
2
2
1
2
6
18
2
17
21
8
2
2
11
7
6
6
2
4
92
1
6
1
5
10
2
2
6
8
6
2
3
4
53
8
4
96
5
5
6
2
3
15
2
9
2
6
5
0
3
21
5
10
54
10
9
2
2
8
6
0
18
3
6
5
0
8
5
3
1
32
7
3
8
46
4
9
3
49
21
4
2
2
22
5
21
1
4
18
0
42
2
2
10
6
5
2
1
2
8
29
5
2
7
1
13
7
32
1
1
12
5
2
8
2
18
6
1
1
8
13
41
1
79
10
2
5
0
28
0
3
18
5
5
11
0
4
1
2
2
2
6
1
5
3
15
5
4
2
1
1
3
3
8
3
2
5
5
10
8
21
7
13
17
8
3
6
24
2
15
1
3
1
2
2
12
8
10
1
5
5
22
5
2
5
5
22
98
1
8
11
0
4
2
12
3
3
2
58
3
2
4
2
21
8
1
1
4
8
1
1
2
2
7
1
7
2
4
1
10
2
1
67
15
8
2
2
8
2
1
0
4
3
62
10
