3
2
0
6
10
1
8
31
3
3
3
7
2
2
3
3
3
7
2
26
13
1
2
12
33
27
2
4
2
12
1
1
10
2
4
3
6
2
1
2
26
11
7
12
6
6
2
2
4
10
2
3
6
1
42
61
5
13
6
3
3
3
6
69
6
1
10
6
85
6
6
1
7
11
7
3
4
1
43
75
4
2
4
22
9
1
27
8
3
7
12
7
2
3
9
2
3
1
6
2
58
1
21
7
1
6
2
9
2
10
1
3
11
3
5
6
2
2
7
2
1
19
3
3
2
1
6
6
5
2
3
11
48
6
3
7
1
6
28
6
6
2
1
6
6
4
9
15
7
6
10
2
7
4
40
5
6
26
6
16
3
11
14
5
5
3
13
25
2
6
7
3
0
4
8
1
2
20
2
3
4
2
55
2
12
1
5
5
5
10
5
9
4
4
7
2
6
5
93
6
17
3
3
3
21
3
2
3
1
6
0
8
5
3
54
62
35
6
3
8
15
1
7
4
2
5
2
2
25
7
2
6
6
9
81
17
69
1
4
2
2
1
82
13
0
2
14
4
10
6
9
0
9
2
69
4
6
9
17
4
1
2
7
11
1
3
10
1
20
2
18
2
3
1
2
5
6
5
9
4
3
10
7
9
25
3
4
7
