3
1
9
9
8
2
1
5
5
13
2
2
4
3
7
2
9
1
6
12
5
23
2
12
5
9
44
19
1
1
2
13
2
5
7
3
6
1
4
7
4
5
2
2
6
1
1
2
13
10
4
4
4
9
9
18
20
2
2
1
4
7
2
1
19
94
1
17
2
7
11
71
9
61
6
6
2
7
6
6
6
10
21
1
9
2
95
14
8
1
3
14
1
9
2
2
4
2
10
7
14
2
8
10
2
2
6
37
5
40
2
96
3
13
3
3
4
5
1
6
3
2
19
1
1
9
6
7
6
3
2
2
37
8
3
4
2
10
3
3
7
37
8
7
4
35
1
6
3
2
52
28
3
3
17
7
3
1
13
2
5
2
3
1
1
1
14
1
2
5
3
3
6
6
6
2
14
77
6
4
13
1
2
1
14
52
3
2
11
1
4
12
35
6
5
1
91
2
7
1
3
5
5
14
6
6
1
11
5
5
23
96
2
5
1
6
16
1
2
13
1
96
6
7
10
2
59
22
1
32
6
2
5
1
7
1
1
11
22
8
2
62
13
7
16
22
8
3
21
4
6
96
1
1
2
3
2
3
13
5
8
2
5
1
1
11
2
7
6
2
6
2
2
4
15
9
10
1
2
1
2
3
6
2
68
66
2
1
