7
4
2
21
59
3
7
12
2
3
1
6
9
6
2
3
35
10
2
4
4
1
3
11
71
2
2
2
6
7
2
2
4
11
2
12
4
5
12
2
4
1
1
1
4
4
10
9
4
10
2
12
5
3
10
93
5
1
18
51
3
10
1
16
0
4
15
2
1
3
5
2
1
46
0
4
18
4
3
71
2
1
1
3
12
2
3
2
2
2
1
9
4
2
9
6
2
7
0
7
2
6
4
1
5
16
3
10
6
20
3
7
5
3
11
8
5
6
3
8
9
14
4
11
10
3
8
27
2
10
5
9
0
8
0
23
9
0
5
0
5
4
2
35
2
0
5
3
2
0
12
1
7
8
28
6
7
4
2
4
4
2
3
9
2
13
2
9
5
35
2
1
4
0
3
20
2
2
4
11
3
6
5
59
8
18
39
2
3
38
0
7
3
4
0
7
9
20
10
17
16
12
29
2
1
4
1
19
2
2
1
7
4
11
73
1
19
5
2
3
3
6
3
9
7
10
2
3
10
2
7
11
6
97
7
6
13
2
4
2
1
6
10
12
5
3
10
5
2
7
13
10
4
95
27
2
6
4
8
2
1
10
6
6
48
4
5
4
5
4
2
9
5
6
19
7
5
11
65
5
3
9
1
4
1
5
6
1
