5
1
2
13
1
4
4
2
3
2
5
5
2
2
27
1
3
1
6
45
10
1
1
4
7
3
16
28
6
5
3
12
2
5
9
1
2
17
2
4
4
4
1
23
5
23
19
2
8
2
2
6
4
4
4
3
8
1
1
2
10
7
1
13
14
3
10
6
1
3
1
96
7
9
16
45
4
3
77
3
5
3
12
5
1
10
3
9
1
8
11
8
0
2
5
4
2
26
12
6
5
0
3
5
14
4
4
2
8
6
18
7
6
3
6
3
1
8
6
2
4
6
5
12
3
30
2
1
9
3
8
2
1
6
12
30
3
3
82
0
1
3
10
6
1
4
30
5
6
3
12
7
2
9
58
8
6
1
3
1
6
1
7
3
2
7
4
10
1
12
6
25
1
13
0
18
3
16
7
1
0
2
15
4
10
0
1
67
17
4
1
7
26
6
7
2
2
1
3
2
3
3
4
6
3
5
2
6
6
7
46
5
2
6
1
8
20
2
9
10
1
37
3
1
22
11
6
12
82
2
1
4
5
1
11
45
5
6
50
1
6
2
3
24
12
4
3
14
2
15
2
2
10
9
5
9
11
11
18
2
5
7
6
5
11
2
18
1
6
5
8
16
6
7
2
4
5
2
14
4
1
10
1
12
16
5
1
12
