3
8
3
1
1
2
3
5
5
1
8
2
98
8
2
9
1
1
14
5
0
7
1
9
18
33
9
4
9
2
2
1
1
3
9
3
3
10
3
10
8
6
5
3
7
8
5
33
5
9
1
4
7
3
38
3
45
5
24
3
11
5
11
4
6
9
4
9
1
6
8
6
6
4
15
27
3
10
5
4
46
25
2
6
6
4
5
3
6
4
96
13
3
3
3
13
27
3
12
2
7
2
13
10
11
13
5
4
1
8
4
94
1
3
7
26
1
1
7
1
53
5
5
8
4
5
8
97
8
11
6
12
17
10
10
16
3
8
1
7
11
0
5
5
87
2
40
9
7
9
1
12
8
2
22
3
27
9
9
31
2
10
2
5
7
7
10
2
18
4
2
0
3
5
2
4
2
6
7
5
34
1
3
1
19
2
4
1
3
4
1
3
12
1
6
7
5
6
5
4
6
12
98
3
8
4
17
6
15
13
75
5
12
21
1
2
1
23
5
8
6
11
5
3
2
5
14
29
1
10
8
4
5
6
7
6
30
1
3
1
99
33
37
6
20
11
9
12
1
11
2
3
17
13
3
33
3
1
3
3
5
3
7
28
3
2
4
3
27
7
3
19
55
12
3
0
3
3
4
5
9
28
10
17
7
11
6
2
