1
0
9
4
1
3
5
3
1
6
12
2
3
16
3
5
7
6
98
2
7
4
1
5
3
9
7
3
7
7
2
9
4
97
4
9
3
0
86
40
16
7
52
5
1
95
13
2
7
5
5
13
2
9
3
10
2
1
4
9
3
7
5
1
3
3
9
5
2
7
9
45
3
19
9
9
3
4
3
6
3
8
4
11
9
11
24
1
6
6
4
1
6
3
6
5
8
9
89
1
5
7
3
13
6
12
9
1
2
3
3
12
5
28
5
4
1
1
16
0
1
3
3
12
13
3
52
11
33
4
22
19
5
2
16
6
13
11
1
4
4
7
10
4
10
7
5
8
20
16
13
11
13
4
2
9
3
21
6
1
15
5
10
3
3
5
17
20
8
7
1
12
1
15
10
5
8
1
6
5
3
4
5
7
5
15
6
2
2
6
5
17
5
2
1
3
26
5
1
5
12
2
2
1
49
2
26
8
94
2
4
7
6
5
1
50
1
5
6
2
9
95
7
1
49
5
4
2
10
17
14
10
49
42
12
2
3
51
2
12
3
8
2
3
5
2
1
3
34
11
2
9
1
4
3
7
3
13
2
11
13
3
8
6
31
3
1
14
10
6
4
9
2
7
3
6
12
6
6
5
2
15
9
11
10
13
12
1
