2
1
5
7
23
7
8
18
4
6
5
29
7
2
4
5
2
6
3
4
21
3
4
15
4
4
4
2
8
13
2
12
2
4
4
12
4
13
0
57
4
4
9
1
2
7
30
3
80
13
7
5
5
2
1
20
3
5
3
5
10
3
6
40
10
9
4
2
46
5
1
7
20
11
11
4
25
8
45
5
16
5
6
12
46
4
6
10
0
2
7
7
4
7
6
24
7
1
10
13
16
4
12
2
1
78
16
13
3
5
16
3
4
6
52
4
5
6
17
4
1
7
5
4
4
7
5
1
0
5
10
2
5
1
2
9
5
8
8
6
15
11
8
1
5
3
1
3
2
5
3
9
6
18
3
9
11
1
3
1
2
27
7
20
5
9
1
10
0
15
5
1
7
25
8
6
4
2
3
15
1
6
5
8
3
2
18
15
2
8
9
16
1
29
10
21
4
2
77
43
2
2
1
4
4
4
8
3
5
6
3
5
6
4
96
2
2
83
7
4
6
2
8
1
5
11
10
11
33
2
6
7
2
84
6
40
32
2
28
5
2
4
12
19
4
14
52
8
4
8
2
8
13
1
5
8
8
1
0
1
6
1
2
1
4
10
8
3
1
5
1
1
1
5
16
3
3
10
3
10
4
5
2
3
18
10
10
1
