1
6
10
26
4
2
1
1
1
9
3
2
4
2
1
9
0
7
5
4
5
2
8
2
2
2
5
5
2
2
6
4
3
23
4
5
0
2
1
6
2
27
0
2
16
10
2
2
1
5
4
10
6
14
16
10
7
8
8
1
0
6
3
2
10
1
7
61
8
8
17
12
3
7
17
16
1
12
97
2
1
27
4
6
3
4
2
5
6
7
3
11
9
7
2
1
5
12
1
4
2
13
12
9
12
1
3
4
5
7
1
4
8
5
2
8
5
1
12
12
20
6
6
15
6
14
10
6
1
4
3
10
8
4
17
1
1
6
3
5
2
4
24
5
7
1
15
6
1
7
11
1
6
12
20
7
11
3
6
8
2
6
3
27
16
2
25
54
4
42
1
1
7
12
3
5
8
1
2
1
28
1
4
1
16
1
0
1
1
2
41
34
7
7
1
6
7
3
8
3
3
2
2
3
5
8
3
7
3
12
8
3
3
5
11
9
6
41
39
26
3
8
8
4
6
2
6
7
11
3
4
9
3
4
2
12
1
8
1
1
4
7
7
2
2
8
3
12
5
9
3
9
13
14
6
98
12
3
7
1
9
6
9
2
6
55
3
7
4
3
6
7
2
14
4
0
2
97
3
1
1
9
11
6
7
9
12
13
