9
43
10
1
12
2
8
3
2
50
14
56
9
5
8
7
1
2
9
10
3
6
36
3
20
1
3
1
3
8
13
0
8
5
1
2
4
12
7
3
16
16
17
6
2
11
10
10
7
3
7
6
6
10
15
1
21
2
6
23
3
7
1
21
5
5
4
3
7
11
2
3
9
3
2
92
12
11
2
10
31
7
1
2
4
80
1
4
20
24
1
4
1
22
6
6
6
29
7
3
10
10
4
7
23
3
4
3
7
2
8
7
9
1
5
3
3
3
2
4
71
3
1
1
13
4
18
54
26
7
5
10
4
31
1
39
5
7
6
6
4
26
9
48
7
1
5
7
4
6
1
16
12
40
11
16
8
3
7
0
31
5
23
7
29
2
8
13
3
7
4
17
47
1
5
2
17
3
7
9
11
1
4
14
13
3
5
7
3
3
7
6
3
2
28
6
6
7
57
89
27
4
4
6
1
12
10
17
14
3
6
9
8
2
8
11
5
1
3
8
3
38
0
3
65
61
9
0
3
12
7
1
62
9
4
3
5
64
36
4
5
1
0
3
1
4
10
2
5
2
8
6
2
3
1
4
33
11
12
4
11
4
3
27
4
16
3
6
5
3
8
3
6
2
20
2
2
14
3
13
2
12
4
14
8
7
11
5
