1
15
4
5
3
6
20
18
4
0
19
0
1
1
53
12
3
19
3
3
3
2
6
1
1
10
1
3
3
15
0
6
1
19
6
2
4
6
3
7
19
3
93
9
3
5
4
7
2
5
4
1
3
20
4
8
2
17
1
4
6
19
3
2
4
4
7
5
4
8
10
9
2
5
1
6
5
13
1
6
4
6
15
2
59
18
3
2
9
16
3
5
5
6
10
5
4
5
29
4
8
55
6
4
3
7
14
12
3
2
11
2
1
23
6
2
5
2
5
1
7
4
2
84
6
9
10
6
7
6
7
4
3
6
13
1
2
5
33
9
8
5
9
4
3
2
11
6
11
0
0
33
36
1
24
3
2
4
22
2
14
97
5
60
5
98
17
1
0
11
10
7
2
2
1
7
5
0
19
1
59
6
10
7
1
2
1
5
7
5
7
2
61
1
14
5
7
5
9
1
11
9
5
5
5
4
9
39
7
4
8
3
2
2
7
5
11
3
5
65
10
1
8
12
0
5
9
65
12
3
0
14
9
1
3
8
2
2
6
88
1
13
0
5
25
2
97
11
13
11
98
13
1
9
13
6
1
1
6
16
12
2
8
8
33
3
1
8
1
53
2
10
10
5
1
7
15
0
5
3
3
4
12
3
12
5
4
11
