6
33
4
6
3
9
3
4
4
0
1
5
2
7
11
28
6
2
7
3
4
5
91
1
3
3
13
9
32
49
7
5
10
8
5
17
4
5
7
1
10
19
25
7
8
19
14
43
7
10
2
3
0
3
17
7
3
2
10
2
3
4
12
5
0
10
3
3
4
9
1
3
5
9
1
1
4
5
3
5
2
21
4
12
5
7
27
2
7
4
10
6
27
11
2
23
12
5
2
5
6
10
9
2
4
8
4
6
19
1
15
6
1
49
15
6
9
8
4
4
49
4
22
2
15
3
3
1
6
13
12
4
20
7
3
2
1
5
3
12
99
10
2
3
92
16
5
10
4
1
9
4
4
10
11
2
5
15
6
19
0
1
11
5
3
4
2
5
5
1
7
6
4
6
5
50
6
41
9
10
2
11
1
41
6
4
12
7
63
10
13
6
7
16
5
2
1
1
5
5
5
12
15
4
3
5
2
52
22
2
3
64
3
10
9
1
2
7
7
19
21
7
6
8
3
5
17
2
7
5
15
7
11
99
6
6
16
1
2
7
5
0
2
8
1
82
5
4
2
2
1
86
3
24
4
2
0
7
0
11
5
5
13
11
7
8
3
2
12
6
15
3
2
3
7
39
2
2
3
7
51
0
17
2
1
8
1
24
