1
6
1
7
95
51
9
3
4
52
3
55
8
7
35
13
4
4
3
3
1
39
1
11
56
7
7
9
6
4
0
4
6
7
11
4
5
3
11
9
30
4
3
9
16
1
8
20
17
4
5
8
2
11
7
1
3
7
2
2
10
3
10
2
7
22
25
1
4
15
2
19
6
16
2
3
5
50
8
2
0
1
11
3
1
15
9
14
4
12
7
8
0
50
4
3
5
6
3
10
4
1
4
4
3
9
3
5
11
0
53
16
3
0
2
18
13
11
10
1
1
31
2
50
11
18
8
6
9
7
21
4
4
10
11
49
17
6
13
4
3
2
5
4
9
1
5
5
3
2
1
2
9
3
2
18
13
23
8
3
17
5
2
23
2
21
1
7
4
34
25
52
1
2
11
14
2
3
34
2
34
8
2
1
1
7
1
1
6
1
4
8
17
1
6
3
8
7
14
6
4
30
1
5
6
9
3
5
40
2
5
8
39
5
3
5
6
6
3
13
5
5
43
7
50
2
39
6
2
4
3
1
97
7
6
15
11
1
1
2
3
36
44
8
6
7
54
17
7
9
1
4
4
2
4
8
1
2
6
11
19
10
12
6
6
1
4
7
1
17
0
11
3
7
11
2
1
6
42
2
1
1
6
2
55
2
4
3
