2
1
13
10
1
7
3
11
3
10
11
11
8
94
14
3
14
2
10
35
16
14
67
7
3
10
1
3
6
10
1
16
1
55
7
50
12
7
3
11
1
62
11
54
1
5
98
4
2
23
7
18
5
1
3
3
14
5
7
30
27
10
2
2
21
79
2
5
28
3
9
2
5
17
7
9
7
2
7
89
1
6
7
1
3
21
2
3
76
1
6
9
13
3
3
3
1
94
3
9
1
5
5
9
5
19
4
2
16
40
8
7
5
5
46
41
2
9
4
30
7
4
6
7
5
1
3
9
1
58
6
1
3
5
1
4
6
13
5
11
7
34
8
37
3
2
79
28
32
3
5
2
15
0
3
41
3
8
5
5
2
4
59
5
1
8
65
33
5
8
2
5
5
9
3
26
2
5
4
44
14
7
23
2
13
0
4
22
6
3
10
47
8
1
3
8
2
11
10
2
7
57
10
0
5
1
6
38
9
2
3
0
1
30
2
7
32
3
7
9
2
5
2
3
3
3
5
3
1
2
1
5
1
3
2
12
7
2
1
4
3
2
22
16
22
5
6
6
13
12
4
7
3
3
78
8
1
8
2
15
35
2
1
12
6
3
10
2
3
28
1
8
42
3
3
5
6
42
7
2
3
3
8
2
5
9
5
8
