2
13
12
2
3
6
10
2
44
1
8
3
4
1
8
13
44
4
9
10
2
6
6
37
4
4
6
6
7
1
2
2
11
26
8
21
3
2
8
38
6
25
1
6
3
5
6
3
2
3
8
34
2
26
24
2
30
9
6
3
3
5
23
4
2
3
94
18
3
52
2
17
1
13
3
6
5
10
2
22
2
5
4
3
19
4
16
5
1
6
2
8
10
18
2
30
8
8
5
7
12
4
94
7
5
8
9
4
11
3
12
6
2
1
97
1
3
5
5
44
8
11
5
3
3
6
28
5
6
8
4
2
8
6
3
8
9
4
32
68
1
3
1
3
3
5
7
11
4
2
8
4
4
5
9
10
4
27
0
3
67
3
2
14
16
5
45
8
1
5
41
6
57
13
5
7
1
6
35
15
4
10
5
4
5
1
4
11
7
2
1
25
5
3
1
3
6
12
47
6
4
2
30
3
22
6
8
18
3
17
29
16
9
3
1
3
3
4
2
3
7
4
19
1
2
6
1
4
6
6
1
10
6
12
6
1
1
11
3
7
2
2
5
2
4
2
6
5
35
2
12
2
5
15
3
11
1
2
4
10
1
2
1
6
10
1
2
3
1
3
6
6
2
2
3
3
18
5
6
4
1
3
28
9
11
12
5
3
