8
5
2
5
5
4
6
1
16
6
2
27
3
2
10
5
17
27
3
17
2
3
7
1
11
4
43
1
10
10
17
5
0
28
3
2
0
6
2
2
12
6
4
13
3
17
8
2
1
12
1
2
5
11
15
9
9
1
11
6
1
1
9
17
5
8
3
3
6
11
11
4
4
1
4
11
7
7
2
6
3
1
4
1
3
5
14
8
3
7
5
77
10
14
9
19
0
11
6
11
5
3
4
6
3
2
17
3
5
10
1
1
3
1
3
8
11
6
1
7
9
27
3
0
3
9
3
4
2
13
3
5
12
7
4
1
29
6
12
24
4
2
1
3
93
6
8
5
21
6
1
1
11
1
17
17
4
6
5
10
1
1
27
9
8
4
15
5
11
7
1
1
5
4
3
5
11
12
20
4
3
4
4
2
6
3
2
2
3
8
3
1
6
1
2
2
5
20
12
5
45
4
6
4
3
3
41
1
9
1
1
23
12
4
5
0
37
5
1
5
5
8
33
6
5
6
1
16
7
37
37
11
6
0
5
41
2
2
10
1
9
1
3
2
2
2
1
2
6
5
5
1
6
5
8
2
2
7
0
3
6
3
3
3
20
9
8
8
6
11
6
2
13
3
27
6
5
0
2
8
2
9
98
4
15
6
6
2
