3
11
6
6
1
2
3
2
12
23
4
2
7
11
9
33
1
5
2
2
1
5
16
9
2
29
4
3
3
48
6
3
39
5
13
10
5
8
11
8
0
7
2
39
4
3
70
7
7
9
5
5
1
4
6
1
3
2
8
1
19
96
2
11
9
5
6
17
8
10
15
40
2
3
5
7
12
4
1
6
18
6
7
5
1
3
10
6
6
22
4
5
1
4
5
2
6
1
12
2
2
1
8
1
13
1
4
30
20
10
3
1
3
26
13
6
2
3
15
5
10
71
2
5
7
5
56
1
8
7
12
6
30
21
61
1
1
2
3
3
5
1
12
1
3
3
4
16
4
4
3
14
12
23
5
14
27
1
2
6
10
1
10
4
2
4
4
12
2
13
5
2
7
22
4
2
52
10
18
6
51
3
9
3
5
4
5
39
7
33
5
3
44
4
2
4
3
2
27
9
1
7
27
2
3
65
6
4
56
6
44
3
15
38
5
3
6
2
1
6
2
6
4
18
6
5
13
19
7
9
3
2
2
96
4
5
3
6
12
8
4
6
98
4
4
2
9
1
51
8
5
2
12
6
15
3
3
3
1
43
5
13
14
5
2
5
2
3
6
15
8
1
11
9
4
6
10
24
3
62
8
17
14
66
4
8
5
15
