1
10
0
6
22
5
1
13
6
6
7
7
1
1
68
1
13
7
1
53
5
2
10
7
9
44
10
8
2
2
1
1
2
70
8
1
2
3
8
9
2
4
2
9
7
40
3
11
2
13
16
1
2
2
2
2
7
2
7
6
0
3
15
1
35
8
8
1
2
7
13
4
4
5
6
12
0
8
2
1
6
1
2
3
3
1
1
5
2
2
2
10
4
8
2
2
6
10
3
6
13
4
3
8
2
3
5
7
21
2
4
11
2
3
21
2
17
4
3
4
8
5
19
4
6
3
19
8
1
1
0
1
8
2
7
13
6
15
5
83
8
8
2
19
6
0
34
35
1
11
11
13
0
2
2
2
11
2
10
1
9
18
1
1
2
1
6
11
53
1
1
3
4
6
4
14
11
0
14
4
3
9
2
2
4
4
3
8
1
7
6
21
2
12
5
9
8
5
3
8
6
38
9
6
6
4
7
10
0
10
5
3
10
12
16
1
8
1
1
8
29
12
11
6
15
10
15
36
7
15
3
2
32
8
8
2
57
39
17
2
1
2
8
8
4
20
1
5
2
2
23
10
4
54
8
4
7
9
6
21
2
2
3
5
3
1
12
2
39
6
5
10
4
9
2
2
11
3
10
3
28
6
0
21
4
8
6
8
