6
14
11
3
2
5
48
2
5
14
27
8
4
12
2
15
7
4
3
48
3
5
10
6
1
4
2
12
37
3
5
2
8
12
3
2
11
2
2
5
12
3
26
3
8
2
30
12
9
2
6
13
2
7
16
5
13
5
2
2
9
6
6
3
3
7
6
21
10
2
4
3
1
6
6
3
2
6
2
4
2
72
1
2
3
17
2
2
13
10
6
2
2
1
2
16
8
13
17
7
14
7
11
5
48
2
48
13
22
4
5
4
97
6
4
9
1
9
5
1
4
2
7
3
1
3
1
7
8
5
34
7
1
1
1
1
7
13
10
3
6
5
4
3
5
6
1
15
3
47
3
1
2
10
7
4
6
4
12
13
2
14
13
4
4
10
19
0
6
48
1
12
3
8
6
1
6
2
32
34
13
1
12
34
8
2
3
10
28
38
13
2
1
2
5
8
1
1
26
9
7
5
6
32
2
1
6
9
6
6
30
1
2
94
1
1
1
8
5
0
2
4
2
10
1
5
2
12
4
7
7
2
3
7
7
25
32
8
85
6
6
5
3
1
12
3
52
1
3
13
3
4
5
7
4
3
1
3
3
14
12
1
10
34
3
33
1
1
11
2
3
6
2
7
3
5
5
3
8
6
5
2
11
1
5
5
10
3
