7
3
11
3
8
3
22
6
5
8
3
17
1
10
13
2
1
3
6
3
2
2
6
23
14
3
2
8
2
8
8
19
18
2
0
2
5
7
2
12
5
0
10
0
10
2
3
2
10
7
4
8
3
21
12
6
8
2
1
11
2
9
5
11
2
1
3
8
7
8
16
3
4
17
73
6
11
22
0
14
7
5
7
3
2
7
6
7
6
3
2
6
15
7
2
2
12
6
2
7
3
11
3
15
0
6
9
10
12
9
3
4
12
1
7
1
2
2
6
6
5
3
6
6
8
11
0
4
3
5
8
6
3
8
1
10
5
6
13
1
0
1
11
12
0
13
15
18
2
2
3
11
21
2
9
2
98
3
3
2
3
1
3
14
5
3
1
40
1
11
2
15
5
2
2
0
8
6
1
12
23
8
3
11
1
25
4
22
1
13
3
2
2
3
2
2
14
1
11
10
2
2
8
3
5
18
8
2
1
5
6
11
43
22
40
11
4
2
44
8
4
14
17
10
13
2
9
1
3
3
45
3
1
14
5
10
7
4
10
7
4
3
3
1
1
2
0
5
13
14
3
3
4
3
2
4
1
6
5
4
11
44
11
15
17
6
1
5
11
11
2
7
13
10
12
6
1
5
6
1
16
18
11
4
4
15
5
10
