4
11
8
13
1
2
1
8
1
19
2
7
21
1
2
2
2
3
2
2
20
2
4
0
11
3
3
11
2
3
4
5
18
2
7
3
6
0
7
6
10
3
13
19
17
7
7
2
6
4
9
12
6
5
4
7
5
98
12
10
14
3
3
7
6
8
8
9
3
24
3
9
5
0
11
19
98
5
12
2
2
17
6
12
2
11
11
33
12
3
8
4
8
2
4
9
11
10
2
14
0
5
10
1
27
5
2
3
3
3
6
5
8
5
13
5
41
3
4
0
5
53
5
14
3
6
3
5
9
2
7
1
9
1
8
13
12
6
23
4
2
5
75
0
2
6
12
6
12
4
5
1
2
98
1
2
13
1
2
11
14
7
1
5
6
2
5
3
5
2
6
11
8
16
4
3
24
9
6
6
11
1
5
6
1
8
53
2
5
6
14
5
1
15
1
2
13
4
0
11
2
5
2
7
6
8
3
9
1
4
26
8
11
3
13
4
2
47
32
12
11
10
3
1
14
89
22
3
3
6
6
3
13
7
3
10
11
0
12
41
1
12
4
4
19
3
4
7
3
5
1
0
9
0
7
7
91
44
15
8
5
11
1
10
7
4
5
6
2
3
7
6
6
16
6
0
5
5
2
2
3
11
1
7
1
1
3
7
