8
3
17
2
1
8
6
5
43
6
3
1
4
6
6
42
24
41
5
5
5
2
2
1
1
6
3
42
1
14
37
1
6
3
3
7
41
3
4
26
4
35
4
6
48
14
26
2
1
16
9
2
7
98
10
4
12
1
6
28
1
11
11
11
1
46
9
21
4
4
2
9
11
4
75
46
9
4
1
4
13
1
5
3
4
12
2
3
10
1
1
8
1
11
3
3
29
9
46
1
1
14
5
48
1
0
15
6
18
6
8
1
18
5
11
20
10
1
26
32
12
7
0
5
2
6
16
4
9
13
6
13
2
1
10
9
37
9
61
5
12
13
89
0
11
1
0
1
7
4
6
8
20
11
10
9
10
1
2
60
15
5
2
6
4
3
32
7
3
1
8
1
47
6
14
7
15
32
99
28
5
5
28
7
13
6
2
7
10
0
6
23
21
6
41
8
4
2
5
7
1
6
9
9
3
23
6
5
6
6
6
2
28
0
7
5
19
2
2
7
11
5
4
5
2
14
25
1
8
2
5
2
2
1
3
19
1
3
4
28
7
6
5
4
8
2
12
4
3
7
5
4
17
18
33
12
13
36
1
9
3
3
2
11
2
22
2
12
18
4
1
3
6
15
35
5
11
13
3
81
3
2
3
38
9
1
2
2
