2
8
2
23
7
8
2
17
1
10
3
9
14
2
2
2
6
7
3
20
2
21
46
3
5
2
12
5
1
11
6
1
3
2
1
3
4
4
3
9
4
27
6
9
1
2
1
7
2
3
0
4
51
4
19
22
12
2
2
4
9
7
2
4
1
15
5
5
2
6
6
3
2
8
1
2
78
2
8
9
12
6
2
15
5
1
3
0
5
3
2
6
1
63
3
3
3
5
5
7
6
27
3
3
8
11
6
7
7
12
0
2
3
8
45
2
2
1
5
15
7
0
10
2
6
2
9
33
2
1
4
96
6
5
0
2
6
2
8
6
1
2
2
5
26
2
14
6
1
5
3
0
33
7
6
36
3
57
1
93
2
4
9
1
1
7
3
5
4
2
12
10
17
5
1
2
1
5
0
0
10
7
3
3
35
3
3
2
4
5
2
2
21
6
23
5
11
4
3
6
3
3
15
18
5
9
98
6
13
23
6
6
2
6
11
16
3
10
3
8
7
13
22
4
7
8
15
8
22
26
51
22
6
2
2
12
7
2
5
3
2
30
1
26
13
5
10
45
12
15
10
1
2
1
6
0
4
1
10
14
6
5
10
6
12
15
2
17
2
2
1
4
13
8
96
11
12
6
13
21
1
1
2
85
3
2
2
11
