1
10
9
3
2
33
4
4
1
23
3
6
16
66
5
3
36
6
14
2
5
1
28
4
2
3
9
3
25
2
8
16
24
21
61
6
7
4
5
1
2
2
9
4
9
13
1
32
2
8
4
2
48
3
5
7
5
19
4
12
0
2
11
7
3
0
3
19
1
25
3
1
11
2
11
5
11
6
6
6
9
8
1
5
2
5
6
1
1
6
5
1
2
3
1
6
3
6
98
9
8
2
1
14
3
8
7
2
7
3
14
12
1
95
23
1
1
1
5
1
1
8
6
32
11
2
9
2
23
2
5
2
2
2
2
6
7
3
6
8
1
2
3
7
5
2
1
10
3
22
3
18
4
7
5
7
5
10
7
16
4
3
0
15
2
3
2
34
6
7
7
6
30
7
16
9
5
1
3
7
4
7
7
1
1
1
5
4
4
2
2
16
3
1
3
2
8
5
96
8
5
1
6
5
2
5
10
43
5
35
6
5
1
47
5
8
93
6
18
8
5
5
1
10
10
97
0
6
7
1
5
5
1
1
7
5
9
2
10
1
5
11
1
1
1
4
65
2
1
2
26
9
2
1
3
2
4
3
8
9
9
7
3
6
1
12
8
7
0
10
2
65
8
1
8
12
0
42
1
2
92
4
56
5
66
3
11
52
