70
6
2
8
10
2
15
6
2
3
3
7
59
23
22
2
9
9
3
2
1
5
6
9
3
24
11
67
1
33
6
21
3
16
6
3
5
12
10
20
3
5
10
4
5
5
1
5
9
3
30
3
8
5
6
1
5
3
3
26
8
11
1
9
30
9
2
3
6
4
4
5
6
7
39
1
4
4
3
4
7
3
3
32
3
81
6
10
4
9
1
22
1
8
1
4
6
2
3
3
6
19
1
3
99
8
4
1
53
8
1
8
6
19
4
34
2
14
4
97
1
5
4
4
5
1
7
97
1
4
1
2
1
36
7
1
2
9
1
5
6
52
10
29
3
25
2
7
6
10
12
9
2
10
5
0
1
2
1
1
5
11
4
6
5
7
17
2
3
11
2
1
7
1
6
6
14
4
6
1
3
11
5
5
67
50
0
2
8
5
10
3
1
13
8
4
31
13
2
29
6
5
7
8
75
1
2
5
6
2
4
99
2
6
98
3
0
10
1
4
3
6
2
5
4
4
51
2
9
2
2
19
2
6
1
4
7
2
9
2
11
5
2
3
11
2
4
3
1
1
30
9
9
1
16
8
11
3
11
27
9
5
3
3
3
1
7
6
20
4
1
8
8
11
1
6
3
13
1
12
1
88
27
5
6
1
12
16
