2
27
1
1
3
15
27
2
7
11
3
6
5
3
9
4
2
82
5
11
2
5
1
22
2
3
5
6
3
6
3
4
3
7
9
4
3
9
6
3
3
1
1
6
2
4
43
4
3
7
57
4
5
10
0
14
4
8
3
12
6
6
16
4
4
7
7
4
1
4
2
5
2
13
2
3
48
3
2
10
3
2
9
7
19
98
3
16
18
2
1
6
3
13
53
1
5
96
30
5
0
2
5
8
3
2
4
5
3
3
5
6
11
8
14
12
1
4
10
2
1
6
5
7
12
10
8
3
5
4
3
5
4
7
5
1
14
1
6
14
9
12
7
3
5
2
1
6
14
0
4
12
10
12
8
5
1
6
13
2
10
13
14
5
4
8
5
6
2
12
1
0
12
3
6
0
3
5
12
0
11
9
1
3
4
6
4
3
4
7
16
7
28
13
1
2
4
15
4
3
5
8
59
3
2
5
21
42
11
0
40
10
10
1
13
14
1
7
9
5
2
1
19
48
8
9
11
3
27
8
3
14
14
26
2
3
64
8
3
5
29
3
8
6
3
3
3
16
3
11
2
27
4
2
2
5
6
6
10
8
5
1
17
1
3
51
6
2
10
4
5
0
6
3
5
10
19
1
2
2
21
5
15
32
12
4
2
14
