4
14
1
3
4
3
0
2
31
1
1
6
0
3
5
3
2
4
5
5
17
3
9
7
7
2
2
4
8
2
16
17
17
3
2
13
24
12
2
4
1
12
73
2
4
3
9
11
2
1
8
3
20
38
7
21
3
49
14
18
2
12
9
6
0
6
9
24
5
10
12
1
12
8
2
6
5
1
18
2
6
1
2
6
7
2
8
11
8
8
3
17
12
7
6
1
6
43
1
2
6
6
7
1
7
16
6
9
98
5
2
9
18
29
1
14
3
10
1
7
4
4
16
4
21
3
2
12
9
8
4
16
7
1
7
12
2
5
9
5
4
3
5
4
64
20
5
10
2
2
5
2
25
1
3
60
52
7
2
1
40
9
6
5
0
9
5
1
5
0
7
12
13
4
12
15
1
1
0
2
0
2
2
1
2
4
3
4
1
1
16
17
4
4
5
38
4
6
3
6
13
1
0
10
0
1
0
3
27
0
2
8
4
16
1
4
1
48
2
2
2
6
8
51
2
9
18
3
3
1
67
1
4
3
3
3
2
10
1
3
6
0
34
7
1
4
2
3
1
9
3
3
2
6
1
34
13
2
3
7
55
8
3
2
54
4
9
11
4
1
7
2
13
3
10
6
6
1
6
3
6
5
3
11
14
13
1
13
