4
12
9
1
6
29
7
5
12
2
84
3
4
0
8
5
6
1
32
9
15
0
12
3
2
5
40
12
26
3
1
7
7
3
19
5
5
4
2
2
2
2
3
3
8
2
5
12
13
6
6
1
13
6
9
6
2
1
1
46
10
5
2
15
2
2
10
1
3
3
9
5
6
14
8
11
2
1
1
4
5
6
8
3
4
2
13
2
7
6
3
6
1
3
0
3
1
4
9
13
1
1
1
4
9
3
1
4
6
2
3
4
2
1
4
11
3
9
1
3
4
6
11
7
6
3
3
4
10
13
1
5
2
4
1
2
7
0
56
4
68
4
10
5
3
4
7
83
10
3
3
5
3
1
57
6
11
1
2
11
1
10
18
2
1
1
6
5
2
1
12
3
59
3
11
2
1
4
5
18
18
2
16
0
31
4
93
0
12
1
3
1
8
3
17
18
39
39
26
6
3
14
3
37
7
47
10
22
8
5
29
13
6
12
1
2
1
13
2
3
2
2
9
19
27
11
5
3
2
11
1
4
5
9
0
4
2
17
9
9
3
1
4
2
7
5
9
2
2
1
11
2
1
2
10
2
7
8
54
16
14
8
2
7
5
92
6
2
1
2
6
7
10
16
0
2
9
96
2
1
2
0
42
5
51
6
3
2
