1
42
2
7
10
5
1
8
14
7
1
8
3
2
11
3
18
2
6
18
2
1
12
5
14
3
11
6
3
4
1
27
0
1
30
5
2
13
3
28
21
31
1
3
2
1
14
3
10
5
5
3
5
6
8
23
9
7
2
6
5
9
8
1
1
18
1
5
9
11
3
20
8
9
6
8
17
7
12
4
12
5
3
20
6
5
31
2
3
3
5
5
15
5
5
13
28
8
3
3
7
4
6
1
14
4
5
6
5
12
6
48
1
3
3
2
4
2
3
5
7
3
2
2
17
1
6
64
2
16
2
3
2
9
2
2
6
30
8
8
5
3
7
34
1
10
0
20
2
11
12
4
4
5
8
11
22
7
2
6
3
30
10
1
4
6
10
2
12
2
16
1
8
20
1
6
2
5
0
15
4
1
1
24
2
2
7
5
18
15
4
1
7
5
1
10
1
1
3
6
16
5
6
2
1
3
42
0
1
10
18
0
4
21
27
8
1
3
6
13
3
7
5
3
3
2
1
4
27
4
19
1
9
3
1
5
15
6
8
3
5
7
2
1
2
20
15
4
43
11
12
6
3
51
23
5
12
6
7
5
7
5
3
16
2
2
3
6
6
3
11
6
14
9
1
8
8
5
15
9
6
3
97
7
5
2
5
15
