2
5
12
6
0
19
3
2
6
12
4
3
4
23
2
6
2
7
1
9
14
10
14
93
8
11
5
1
2
3
3
5
5
7
18
1
3
5
2
2
13
11
1
2
17
42
2
49
1
35
19
6
4
10
50
49
10
9
11
51
35
2
7
2
3
2
5
1
3
3
2
5
6
1
12
16
6
13
1
8
1
13
13
2
3
3
2
0
6
6
15
10
15
5
1
27
5
2
10
3
3
1
4
6
4
31
6
18
6
2
5
5
6
2
3
14
6
1
2
8
12
3
5
6
98
94
1
1
2
8
2
8
5
5
9
48
11
1
11
10
6
32
21
17
3
8
4
15
1
3
6
4
1
6
4
10
46
5
5
4
14
3
13
5
1
3
4
5
22
5
1
1
14
25
15
7
5
1
8
9
7
15
2
4
15
38
1
13
2
9
52
6
16
12
13
8
2
2
9
3
6
6
1
2
1
1
11
75
45
1
2
6
3
2
5
4
12
17
4
6
6
3
15
14
2
2
2
11
5
2
2
17
10
2
8
6
8
7
3
3
16
11
12
5
1
3
1
4
11
6
3
42
15
7
3
9
1
2
5
2
12
4
11
8
58
3
3
7
3
9
3
7
5
12
7
6
9
2
1
16
6
9
10
5
7
78
12
25
