2
0
22
17
11
2
8
3
3
12
3
4
2
0
8
10
1
6
10
6
43
20
4
6
10
12
2
6
4
11
3
2
11
14
5
9
7
7
6
5
2
3
8
3
12
7
21
23
0
13
9
3
5
15
8
3
13
13
3
1
2
11
1
9
2
4
2
17
34
2
2
5
4
4
4
9
3
5
4
5
2
5
3
0
2
15
8
4
9
11
12
5
11
7
5
5
5
6
6
2
1
5
8
25
2
17
2
0
2
1
7
1
21
6
8
6
76
8
12
11
5
1
8
1
4
12
2
5
6
3
12
44
3
12
3
1
5
13
2
6
7
12
2
5
8
36
11
1
18
2
5
14
1
33
3
1
2
5
0
27
3
2
5
7
42
18
45
28
10
2
6
26
2
10
2
3
8
3
5
11
3
11
1
1
3
9
17
15
9
33
4
5
1
4
7
2
43
1
7
23
37
1
8
3
11
1
3
5
1
3
2
7
5
4
7
1
2
1
26
25
3
52
4
15
12
5
36
8
4
1
5
26
4
11
3
1
1
5
9
8
3
4
4
2
7
5
3
11
6
3
15
11
99
2
6
8
2
5
3
6
17
15
33
1
2
1
56
16
5
0
10
0
5
4
6
13
4
3
7
5
16
4
2
2
1
2
8
11
