2
6
22
1
4
9
2
4
1
8
1
8
28
9
4
17
2
6
3
4
2
1
5
3
12
6
23
8
2
1
3
10
4
2
2
7
12
1
12
8
12
0
14
22
67
8
8
4
64
2
1
5
42
53
3
8
2
9
72
5
2
3
2
2
4
2
6
1
3
2
2
2
4
17
3
1
10
0
2
3
2
3
1
14
13
7
2
3
2
22
2
1
17
2
10
2
12
1
5
8
3
3
7
2
5
3
4
6
2
3
11
1
11
0
22
29
0
3
5
13
8
8
1
8
4
19
9
14
6
4
4
6
18
8
2
9
4
32
14
9
3
1
9
11
8
15
2
6
1
4
0
1
5
1
3
5
11
7
9
5
3
4
4
10
37
41
23
5
1
2
10
1
10
6
9
9
6
19
2
5
68
1
9
3
2
1
5
3
2
7
18
1
13
5
12
5
3
3
15
11
11
4
3
15
4
4
4
2
27
4
49
3
2
1
13
8
8
8
6
17
3
3
4
12
8
5
1
1
3
3
12
6
14
10
15
1
4
13
1
37
4
10
46
19
10
4
58
0
7
46
6
54
9
7
1
4
6
53
10
7
1
3
4
7
2
1
4
3
4
7
1
1
10
3
2
4
5
1
3
3
13
9
6
9
3
2
7
30
