2
2
2
5
1
92
6
1
5
20
23
4
5
5
9
5
12
1
6
1
2
2
9
2
1
3
5
1
3
6
5
1
74
6
2
10
8
11
7
6
2
3
2
11
7
1
9
3
4
3
7
1
21
1
0
8
2
29
21
1
11
0
4
1
6
2
7
52
2
12
7
1
14
6
1
3
3
7
3
1
5
10
11
10
68
14
3
6
2
31
9
6
11
2
2
13
1
8
22
5
8
3
11
6
3
3
5
14
2
22
6
9
6
7
5
4
23
8
21
7
1
10
8
21
19
10
6
1
18
4
6
7
1
58
6
1
2
23
13
7
1
6
9
11
1
2
30
10
0
3
49
16
16
18
9
1
4
5
12
3
11
1
32
0
51
5
19
3
2
2
40
21
6
19
39
5
1
4
8
11
1
18
6
10
20
2
11
6
2
20
7
10
1
0
10
7
11
58
3
5
0
5
1
25
9
2
3
7
9
2
4
2
22
2
1
12
3
5
3
7
1
5
3
6
10
81
6
1
1
12
2
14
1
1
14
4
15
6
13
2
4
12
5
22
22
3
2
8
4
1
2
8
1
15
3
12
1
11
4
7
9
8
2
4
9
2
21
3
2
2
1
11
5
0
1
3
1
2
1
9
5
6
1
6
1
95
4
1
