2
2
12
0
2
2
3
3
2
6
22
1
14
5
2
7
4
2
3
4
0
1
3
6
5
2
1
8
6
26
10
1
1
3
5
2
1
13
5
19
0
1
6
5
2
19
23
5
6
4
11
1
7
7
7
2
4
7
6
9
24
9
22
1
5
5
3
7
7
9
2
2
3
6
6
3
2
5
4
4
7
96
4
6
5
2
11
44
9
0
10
1
8
5
9
4
1
7
0
7
3
16
4
16
3
7
3
5
16
1
12
5
79
0
4
4
5
7
6
2
3
5
2
3
8
3
7
6
0
4
4
5
1
7
13
0
9
2
4
6
10
13
8
6
10
10
10
2
12
3
2
4
2
60
24
6
5
9
8
5
5
8
4
9
7
2
2
5
2
25
1
3
1
1
11
1
1
1
13
24
12
4
6
20
4
3
7
6
8
7
21
4
0
2
2
98
14
3
41
3
5
14
11
13
3
6
26
8
3
8
5
1
5
16
6
6
4
1
5
11
63
7
7
2
85
0
9
21
7
4
6
5
11
8
10
9
2
5
23
5
3
11
8
7
38
8
1
39
5
2
16
8
7
8
14
4
48
4
6
3
3
7
7
1
3
1
15
5
7
3
4
10
6
5
6
2
1
51
12
2
4
2
6
12
2
7
2
11
