5
62
5
25
10
7
4
3
3
1
13
8
2
2
12
11
3
7
6
8
3
5
2
3
8
41
6
7
24
10
4
5
5
3
2
2
7
5
3
16
10
7
0
13
38
1
8
5
11
3
8
1
1
16
31
8
52
8
13
7
1
24
5
12
8
10
6
1
12
18
3
4
3
64
1
3
2
7
5
2
79
78
1
6
2
89
3
1
5
72
2
7
3
2
5
4
1
3
3
6
48
2
4
2
4
3
4
9
6
9
38
5
1
2
5
4
2
3
1
2
13
1
5
3
5
1
11
5
8
2
6
3
74
5
97
10
7
53
12
1
15
1
3
12
7
1
1
14
6
8
3
3
5
6
4
5
4
44
8
6
0
9
2
14
9
0
6
6
4
5
4
13
23
22
1
4
15
4
6
20
5
3
4
0
2
64
71
2
3
3
6
2
8
45
23
1
7
2
2
3
6
9
5
0
3
33
5
12
1
10
3
3
2
13
4
3
31
3
5
1
2
7
36
1
1
75
1
9
1
7
1
36
2
4
1
4
17
1
2
4
16
7
7
3
9
33
6
2
9
13
8
2
6
8
5
11
3
2
78
3
3
2
6
5
3
52
3
6
7
5
3
2
12
5
2
3
4
5
13
3
6
1
3
4
3
11
60
5
