2
9
2
2
3
7
10
20
1
99
2
23
23
8
4
5
5
22
15
5
27
7
13
1
2
0
2
4
8
4
23
16
0
7
7
2
6
2
0
3
4
6
3
0
32
1
2
1
2
4
3
15
7
3
6
13
9
56
2
7
3
6
4
2
1
1
12
23
5
31
4
4
1
2
8
44
23
97
10
23
1
17
6
3
10
3
5
4
3
3
4
5
95
4
3
18
3
3
9
6
12
6
6
3
5
6
7
11
3
3
6
4
3
11
3
3
11
6
9
6
0
2
5
2
2
3
8
4
7
2
3
10
1
5
5
4
2
97
5
5
9
0
6
2
6
5
1
6
2
1
1
2
10
12
3
15
4
2
40
5
1
9
3
3
4
7
4
1
7
1
2
97
7
8
5
10
2
9
1
41
2
5
8
1
1
5
2
3
27
5
10
6
1
3
3
10
20
1
5
41
5
4
8
5
3
2
2
11
2
12
6
5
26
5
10
10
10
2
3
10
7
50
5
10
4
15
11
3
11
23
1
13
1
40
5
5
21
11
7
12
5
15
2
12
1
4
7
1
5
0
12
16
2
5
11
7
0
3
15
1
20
3
15
6
5
7
2
15
4
7
4
18
50
7
3
2
12
4
6
0
10
6
9
8
3
1
8
83
