3
1
13
4
6
5
1
47
1
18
24
2
0
10
9
6
13
2
21
3
7
6
4
4
12
3
1
12
62
6
5
5
5
18
3
5
7
5
19
2
7
5
8
4
1
1
7
4
1
4
2
3
5
5
8
4
4
6
3
7
7
7
4
40
3
3
3
2
6
7
5
2
12
5
93
1
6
2
8
19
5
5
3
2
5
5
5
5
5
0
1
0
2
7
2
10
2
4
1
1
4
7
28
56
4
4
3
34
13
1
11
2
0
15
16
4
21
11
4
12
9
5
4
5
2
3
3
6
3
2
8
11
2
2
6
4
12
11
3
6
1
3
3
4
4
5
1
0
1
5
1
87
13
21
15
1
21
0
11
1
1
6
5
16
10
2
2
11
1
6
7
2
2
21
3
13
4
4
7
87
1
1
1
3
6
7
12
5
2
5
30
19
3
10
3
5
1
1
2
13
8
1
2
2
3
8
13
6
53
2
23
1
6
4
4
5
4
4
32
6
12
2
51
3
4
1
4
3
4
2
13
3
3
2
8
8
4
11
5
4
2
12
2
5
9
5
24
93
9
11
89
0
7
7
80
5
2
3
5
5
4
1
8
1
11
1
3
4
2
14
6
83
10
1
5
11
5
11
13
53
3
6
6
0
6
12
4
3
