0
3
2
2
1
4
8
1
9
19
3
6
1
5
11
18
9
20
7
8
4
2
3
5
20
6
3
6
4
4
37
0
9
5
10
23
9
2
15
41
3
2
3
1
14
5
3
13
10
4
3
2
2
19
7
3
16
6
6
14
12
3
26
6
11
4
18
4
2
2
97
3
2
12
8
5
7
3
51
4
3
6
0
7
5
4
14
12
4
14
1
12
5
5
7
11
17
5
6
9
1
5
6
6
2
1
25
6
3
10
3
6
11
11
12
3
11
10
1
2
1
3
1
93
4
1
6
6
48
5
14
2
6
1
7
6
5
2
8
0
14
10
6
7
3
0
49
8
6
1
10
2
2
7
3
4
2
8
1
1
1
2
62
31
7
7
5
17
2
8
6
8
2
12
14
2
11
7
61
5
7
16
1
98
2
3
3
7
2
5
2
1
2
0
25
5
31
4
2
10
87
1
21
2
6
15
3
9
61
5
7
11
11
4
3
10
6
5
2
2
2
1
2
5
2
0
4
59
5
3
1
0
3
3
21
4
13
3
5
5
2
1
13
7
1
1
3
3
2
7
7
10
2
9
7
18
9
13
1
5
6
6
1
33
10
4
2
2
4
13
10
11
14
8
3
0
3
7
5
8
3
1
14
6
6
9
4
7
