1
10
16
6
4
1
2
16
15
9
8
2
3
6
0
28
2
10
6
2
0
11
1
2
3
11
36
3
4
14
0
5
9
8
5
11
2
23
6
6
7
5
9
5
3
1
10
13
3
14
3
5
13
5
11
8
5
10
6
8
2
5
3
18
3
3
8
2
20
6
1
6
13
11
8
2
5
7
5
71
10
4
5
18
1
6
7
5
1
45
3
97
0
3
6
12
5
11
4
8
12
2
2
7
77
0
3
1
10
4
30
7
2
2
0
20
23
3
5
1
2
3
8
2
4
4
1
13
14
10
19
4
79
1
69
5
7
5
6
2
3
15
9
0
3
10
10
4
11
2
15
5
5
25
0
7
0
16
7
28
0
2
8
0
5
8
1
11
2
0
2
7
1
2
14
9
8
6
8
9
2
7
2
3
6
0
22
1
3
5
27
4
4
2
2
5
6
3
2
11
21
10
3
8
26
8
4
2
3
6
9
7
5
8
9
10
0
24
2
6
8
4
4
22
5
4
40
3
7
3
2
5
1
3
42
2
2
7
6
1
0
9
5
10
3
3
3
0
3
16
5
12
3
8
1
4
4
12
2
5
1
5
7
1
1
8
1
21
13
10
15
9
6
5
8
13
6
7
9
5
14
6
6
1
11
6
12
1
