20
8
9
5
7
8
62
9
2
36
16
11
10
67
11
15
1
9
7
1
15
6
10
1
0
16
7
6
6
5
8
13
6
6
4
11
1
6
10
7
8
3
5
6
6
3
7
6
3
0
3
4
7
7
2
1
8
5
5
5
6
6
6
6
10
6
12
1
3
19
2
5
5
30
1
24
5
27
7
10
3
5
5
30
15
5
2
6
24
2
3
5
8
6
4
1
4
3
0
1
5
5
52
42
8
6
5
4
4
5
2
1
5
97
6
97
1
1
11
7
2
7
2
4
7
16
4
7
21
1
14
12
9
2
1
48
16
1
9
16
10
27
78
5
7
3
4
11
3
4
3
7
3
4
4
5
1
10
4
23
36
7
9
53
1
41
4
58
7
37
2
5
59
8
3
3
6
26
61
19
15
10
6
7
53
25
5
5
35
2
1
37
14
2
14
6
6
12
8
2
4
16
1
5
8
4
5
7
4
7
3
6
7
3
4
2
21
1
1
10
33
10
14
1
3
6
20
3
5
7
9
1
20
9
2
3
7
7
17
5
57
22
7
1
36
6
5
18
2
2
44
1
11
6
3
1
3
2
8
12
12
3
18
6
21
3
14
5
3
7
1
18
4
3
12
6
8
4
1
8
18
3
2
2
3
12
60
1
