3
12
7
3
3
16
3
2
5
7
5
20
3
3
9
5
2
4
2
3
5
32
8
4
3
4
3
13
4
20
3
4
2
12
2
6
54
5
3
1
6
2
10
2
16
1
3
9
3
5
8
7
9
8
36
3
14
2
7
16
12
1
11
6
1
3
1
9
3
5
6
2
37
3
5
8
5
6
10
17
13
15
12
5
11
8
3
8
3
5
6
3
3
35
1
1
2
6
1
5
10
8
29
1
12
0
1
1
13
3
15
3
8
4
3
6
8
6
3
6
5
0
6
8
5
11
4
5
49
0
5
7
6
3
5
10
6
3
9
3
6
2
3
12
7
2
1
13
8
9
5
4
0
0
2
10
10
1
15
2
2
3
1
3
16
4
4
18
4
1
5
5
2
1
12
1
1
4
1
3
25
2
1
3
11
0
12
1
1
1
17
30
18
8
1
21
4
5
5
5
1
2
45
18
2
10
5
12
52
16
5
2
7
3
1
3
3
0
5
5
5
18
1
63
9
14
5
2
4
5
4
8
1
46
7
1
6
4
6
41
14
6
5
5
9
1
15
6
8
12
5
7
8
5
34
1
7
12
5
1
22
1
3
13
10
5
5
12
11
8
2
6
26
6
44
14
3
5
2
3
5
4
15
3
7
6
7
2
