17
0
3
9
11
11
11
2
0
11
7
6
3
3
4
11
12
3
16
1
15
3
2
8
23
4
2
5
37
11
3
2
6
2
1
13
0
7
27
2
0
17
7
3
13
4
5
1
4
11
16
4
2
5
5
12
12
9
2
5
2
12
1
99
9
2
97
6
11
12
11
6
3
5
4
14
3
14
1
4
7
9
7
97
8
26
10
5
5
10
6
2
3
51
1
6
7
4
7
4
8
5
1
9
2
5
3
4
6
12
9
8
8
17
1
6
14
6
9
13
1
0
2
5
5
8
11
3
6
0
6
29
4
5
2
10
32
1
8
1
13
5
3
1
6
5
14
6
4
17
8
1
2
3
2
8
5
3
0
5
2
17
1
3
25
0
12
13
7
1
6
0
8
12
1
1
2
3
2
3
7
1
6
5
1
55
5
1
2
0
33
2
9
5
29
3
4
0
3
13
4
6
19
1
1
54
13
34
1
5
5
4
8
9
1
6
11
1
1
11
47
5
65
38
3
2
8
7
11
2
9
10
2
1
2
0
1
7
3
2
2
1
2
90
4
4
8
2
12
11
6
5
4
15
10
11
3
7
27
7
13
14
12
31
11
13
7
1
14
3
59
1
12
11
6
15
6
1
6
56
11
6
4
3
2
11
8
7
