6
4
7
4
2
7
3
2
3
1
3
2
4
6
4
6
4
18
0
0
1
1
1
2
1
1
3
17
2
1
3
10
11
3
1
2
21
21
12
4
13
5
8
3
2
5
4
3
1
4
4
7
12
6
7
3
3
0
95
1
6
56
5
5
7
3
9
5
4
2
6
5
49
67
6
4
0
2
6
1
2
52
4
10
2
12
3
6
3
15
12
1
6
1
10
1
13
12
24
6
2
3
27
6
3
7
3
1
6
8
5
6
0
5
4
87
5
2
3
0
3
6
5
9
8
13
8
2
1
0
3
1
11
10
12
7
24
4
7
5
47
5
6
1
5
10
5
2
2
12
14
12
3
9
6
0
2
25
2
2
7
5
10
7
6
1
7
5
25
5
3
6
0
2
4
5
2
9
1
2
3
16
1
2
7
6
28
1
2
7
2
1
2
4
5
4
8
8
8
59
2
7
4
17
3
3
11
10
10
5
5
2
11
9
38
12
5
5
6
10
14
10
3
3
3
0
4
0
9
49
3
2
20
34
8
6
56
8
90
3
5
3
2
6
2
34
8
35
7
3
7
1
12
12
2
7
2
1
2
1
6
11
2
16
27
6
11
6
11
14
6
7
9
13
12
7
2
1
3
6
11
3
7
11
2
5
9
3
