5
16
2
2
4
3
1
3
11
3
5
2
3
14
3
13
6
5
2
3
9
19
5
5
1
2
7
19
27
27
2
5
11
3
8
4
2
5
37
1
5
8
10
2
3
10
5
2
18
17
2
11
11
11
11
34
1
3
3
6
3
18
12
0
5
29
4
1
10
10
34
4
1
6
30
7
12
11
0
5
6
10
4
18
7
7
71
50
3
4
7
3
4
7
8
17
17
8
1
1
0
14
12
5
1
3
5
8
5
4
3
6
1
12
5
7
3
11
1
11
5
1
10
74
9
2
7
24
3
6
4
6
6
1
6
8
4
2
5
9
8
5
6
87
27
13
0
3
7
6
5
22
11
3
15
3
2
1
98
2
13
15
4
14
3
25
14
2
25
1
6
2
7
3
57
25
1
8
3
13
0
18
6
25
4
8
4
1
4
3
5
7
15
18
14
11
5
19
7
4
2
2
5
12
3
6
8
2
12
1
0
0
0
11
44
2
3
6
7
2
37
4
8
3
2
4
7
11
9
13
37
11
1
2
51
6
2
0
45
10
6
6
2
23
2
5
2
8
5
97
43
4
2
1
9
1
2
4
2
3
4
5
4
14
6
0
6
16
11
1
2
8
1
4
3
5
1
14
74
6
2
2
2
98
1
3
2
10
