3
14
6
11
13
7
13
4
2
2
4
12
2
1
26
10
2
2
1
7
4
2
4
1
69
11
1
10
4
8
3
9
7
14
9
16
1
3
2
3
7
10
34
3
51
1
3
97
2
7
90
6
1
16
7
6
4
5
4
4
2
2
3
3
1
8
22
4
21
6
2
22
3
5
79
1
87
3
7
1
5
13
11
2
1
7
2
5
21
10
22
3
9
1
1
5
61
3
5
5
6
4
1
1
11
1
1
3
14
54
31
1
6
11
1
1
2
7
6
48
11
5
2
22
4
6
3
4
1
14
22
13
3
3
4
9
14
32
5
5
14
3
5
4
5
1
32
4
6
5
0
5
23
13
11
12
8
3
1
4
50
47
5
0
6
4
3
3
7
4
5
4
10
5
12
53
6
11
9
35
8
38
6
2
50
3
5
48
45
4
13
3
28
2
16
2
1
3
7
4
4
34
12
6
2
13
30
1
1
8
9
12
5
7
5
0
3
1
31
7
32
2
3
3
2
77
30
2
7
3
10
5
2
2
6
6
1
2
2
11
5
7
1
1
6
2
6
5
7
29
10
9
3
33
8
6
4
1
3
6
4
1
10
7
73
1
1
57
10
28
42
7
4
3
41
6
54
1
52
4
10
2
3
13
10
5
4
2
