8
10
5
6
2
2
2
16
50
3
5
11
11
3
5
14
3
4
4
1
19
4
10
13
3
8
3
1
56
2
1
1
5
11
9
6
5
53
9
2
9
13
0
14
1
2
2
4
0
3
2
9
1
3
10
8
97
5
3
42
2
1
10
3
4
49
18
1
7
5
8
7
14
34
0
39
3
2
3
41
3
6
8
44
4
13
3
1
4
13
47
4
11
5
13
9
6
2
3
1
6
6
8
6
9
6
3
3
14
5
12
26
12
3
12
5
2
4
3
9
1
5
8
2
10
7
2
7
37
4
8
22
13
3
2
3
25
3
12
4
5
2
54
2
16
5
5
3
3
2
1
20
4
6
1
2
2
59
6
1
13
4
6
6
36
8
1
5
5
5
7
16
2
15
2
3
28
3
4
1
7
1
35
3
11
10
18
4
5
4
2
2
17
2
0
7
79
7
30
9
4
5
10
13
52
3
2
5
4
17
1
5
5
8
5
27
49
6
5
1
5
10
19
5
13
3
19
5
17
1
2
55
2
62
1
7
7
6
6
5
8
6
6
1
3
7
3
6
8
8
1
34
4
26
8
27
7
0
8
2
7
3
4
11
2
3
8
6
26
8
1
2
3
0
1
13
1
8
9
5
1
42
1
0
43
0
2
1
