13
14
10
0
6
2
9
2
7
3
6
6
18
9
2
36
3
3
12
2
12
10
2
3
12
6
7
8
1
2
4
3
9
6
2
7
1
13
3
4
27
12
7
3
2
3
7
3
5
96
3
2
2
0
5
18
2
2
5
3
1
9
2
4
1
3
3
1
1
9
2
2
12
48
3
2
6
6
12
14
2
13
3
7
1
21
78
12
16
7
6
4
17
1
2
0
2
6
0
2
9
5
2
7
4
5
10
9
3
7
9
11
4
21
1
8
6
0
12
0
4
10
2
1
6
6
1
1
22
2
1
6
4
9
3
0
97
87
10
4
2
14
11
8
6
7
0
4
0
6
0
5
10
5
18
2
2
1
4
4
1
6
28
8
5
3
2
2
10
5
9
10
3
7
7
18
2
6
5
12
9
1
1
34
1
4
4
3
14
15
9
8
2
1
4
3
11
1
12
2
2
1
2
7
10
6
20
1
22
11
8
7
1
2
6
17
5
13
6
1
9
8
1
7
1
4
2
6
9
2
11
2
7
3
29
1
28
2
22
14
7
2
2
13
4
20
1
1
9
3
2
0
2
2
7
3
1
6
7
1
17
1
12
11
2
6
3
24
1
6
2
1
3
1
7
1
5
2
2
12
4
1
8
2
2
2
5
2
