45
41
8
1
3
6
12
42
5
5
12
2
8
2
2
3
2
2
5
1
2
26
14
11
15
4
35
4
3
3
7
4
2
97
18
11
6
1
5
10
7
4
13
12
1
59
2
3
9
3
4
3
7
10
4
22
9
15
3
6
2
2
38
1
5
8
87
3
1
12
6
5
9
1
5
5
3
18
5
6
2
3
55
5
21
57
5
6
3
2
5
13
5
6
2
6
4
4
6
0
25
13
27
4
3
11
4
6
4
7
1
1
6
44
6
18
11
5
70
2
96
3
9
1
1
0
1
6
1
23
0
10
8
11
26
52
3
3
1
1
4
6
3
1
1
13
4
4
4
13
4
4
7
1
54
17
11
7
17
10
7
7
6
4
4
13
19
13
7
6
6
6
2
11
4
4
2
4
1
6
7
14
1
53
7
53
12
6
1
5
3
5
4
5
18
7
5
10
3
3
7
4
1
2
5
3
3
28
3
7
2
18
21
2
29
5
4
5
1
2
7
5
1
2
7
21
4
7
2
2
2
45
18
6
7
6
55
11
16
96
5
7
9
1
7
6
3
3
3
7
2
2
1
26
9
8
5
2
4
3
8
13
6
19
29
13
1
38
7
2
80
2
3
5
2
2
3
6
3
17
9
4
8
9
5
1
19
2
