4
31
14
5
4
11
16
15
9
5
10
11
21
51
9
5
7
3
1
21
23
19
26
6
1
15
20
16
12
1
43
32
29
1
5
3
5
6
5
5
1
1
28
3
28
1
3
11
21
2
9
1
5
10
5
4
3
10
7
5
9
2
2
3
6
16
9
49
2
9
4
5
1
4
1
0
8
5
1
3
49
17
3
5
3
1
5
12
9
50
3
3
19
8
3
4
65
10
12
2
9
12
26
15
1
4
9
88
4
3
16
3
13
3
10
8
6
11
3
13
4
2
7
2
4
7
53
35
7
4
17
59
44
5
8
5
7
2
14
4
6
5
1
3
63
11
2
29
3
2
4
2
4
68
15
14
37
23
23
1
55
5
4
3
6
0
3
4
7
5
3
13
2
3
13
15
98
18
2
1
5
15
8
5
6
24
4
3
1
1
4
6
2
8
4
5
15
11
2
6
7
8
8
9
2
8
7
2
1
7
5
1
2
17
1
8
2
2
2
1
4
2
6
6
2
41
1
3
5
7
1
1
3
10
1
5
51
93
2
4
10
6
5
4
8
2
6
1
4
4
9
11
2
2
14
1
5
5
12
9
7
36
5
2
8
9
5
9
3
0
21
8
7
8
24
13
9
12
1
8
3
5
2
25
3
23
8
7
