7
25
3
11
2
7
2
1
6
3
2
8
93
8
5
2
2
5
3
12
2
15
4
3
2
35
45
3
10
12
68
41
19
6
3
19
5
2
2
12
1
3
1
4
2
2
11
0
10
6
2
1
12
1
12
3
7
6
9
26
1
1
10
1
3
10
6
8
6
1
4
3
2
1
3
3
7
5
4
11
2
13
2
1
1
3
3
90
3
1
3
1
3
14
7
2
9
3
19
5
4
11
3
8
9
4
12
6
23
8
24
23
11
96
7
5
1
15
2
13
26
13
52
0
61
8
9
5
8
10
8
10
25
8
6
3
19
5
43
1
4
48
12
1
1
2
5
89
1
7
21
12
5
6
15
3
6
4
25
54
5
1
27
6
3
4
9
2
3
9
26
22
28
2
3
13
7
3
2
9
5
3
5
19
1
2
7
26
7
3
9
11
95
51
7
50
6
22
2
2
3
5
2
4
27
11
10
50
2
8
10
6
5
1
1
9
45
4
2
15
5
4
95
0
3
0
2
4
9
1
3
3
6
7
16
3
10
5
4
7
20
2
8
22
1
3
36
17
1
4
4
9
2
4
10
0
1
9
34
18
3
2
2
18
1
3
4
12
5
14
1
3
8
11
6
17
1
1
5
4
22
5
1
6
3
1
78
15
