2
12
9
5
88
10
22
8
2
1
4
2
10
20
9
3
1
6
5
9
0
2
6
7
1
1
1
65
2
7
10
9
4
9
7
6
7
4
2
2
7
2
2
1
2
9
2
12
14
8
2
18
2
3
8
2
7
1
50
9
3
4
3
2
15
8
1
2
54
33
11
14
1
1
46
8
1
4
0
5
3
7
8
1
16
59
1
4
3
1
64
2
52
10
9
14
6
42
9
22
2
12
14
5
4
2
6
12
0
2
2
6
3
1
9
7
6
2
7
7
5
3
6
9
1
10
1
2
4
6
7
1
3
3
1
7
3
1
58
1
5
4
1
11
5
8
5
28
5
2
25
0
2
4
6
21
7
1
7
1
1
3
5
9
5
18
2
15
0
33
13
8
1
18
3
2
7
9
13
2
2
8
17
8
16
8
2
0
26
8
1
3
3
0
3
12
2
5
51
15
5
24
62
2
2
1
17
13
1
4
3
2
6
1
6
8
1
14
5
32
2
5
4
11
3
5
1
8
2
5
4
2
4
5
24
5
14
74
17
30
5
1
15
2
1
0
10
3
8
2
4
2
4
14
1
1
1
7
4
4
2
5
20
0
6
38
7
47
4
6
6
8
2
2
1
2
0
94
8
3
94
4
7
6
4
2
17
5
