2
5
4
6
13
4
7
3
3
2
0
4
10
1
2
2
2
21
3
3
42
13
2
5
8
11
3
3
2
2
3
4
31
5
1
2
7
3
5
6
10
4
1
0
12
13
1
10
4
37
3
9
6
1
5
1
11
6
7
15
1
3
7
3
3
5
7
11
1
53
1
6
23
6
0
75
3
2
3
4
6
2
6
4
2
20
6
3
11
10
3
2
2
14
3
2
3
7
5
5
5
4
3
43
15
5
1
4
28
3
8
3
7
5
1
11
1
3
7
2
1
15
1
5
6
2
6
2
6
38
6
2
5
3
3
5
12
15
1
6
9
1
15
8
5
15
22
22
4
10
0
2
20
1
7
5
2
9
1
29
14
6
6
6
4
5
2
4
3
4
8
5
3
1
1
7
5
1
2
15
15
7
24
4
25
9
4
4
3
7
1
3
3
28
1
9
4
3
16
6
1
2
2
35
4
0
0
9
3
9
2
6
6
8
1
2
3
3
7
2
8
0
2
8
2
5
8
3
3
4
5
66
1
66
5
0
6
4
24
13
2
7
6
2
6
2
4
1
5
3
18
6
9
1
4
4
55
2
3
1
12
3
53
2
2
6
7
0
3
9
2
1
10
2
2
4
55
2
1
9
42
12
4
3
10
0
1
5
