5
5
0
30
3
5
1
3
3
14
2
4
10
10
5
6
2
3
17
3
6
12
18
5
3
12
2
5
10
14
1
1
0
6
2
1
3
3
0
6
2
4
7
9
4
2
1
13
3
0
2
4
11
3
0
1
19
3
1
7
2
12
40
5
4
45
1
6
21
4
3
5
16
5
1
9
4
5
5
4
6
3
4
6
12
3
15
11
7
10
6
3
6
3
7
12
9
6
11
5
9
48
1
1
2
3
6
2
17
4
1
47
4
3
5
6
4
9
5
5
2
6
4
13
4
5
8
50
43
1
5
4
6
4
2
2
5
2
1
5
9
2
3
4
3
20
8
5
36
6
7
2
1
3
10
6
6
21
1
9
59
5
6
2
9
10
64
1
8
7
64
16
15
1
1
5
4
8
6
29
2
1
6
7
1
5
5
4
6
1
8
10
30
5
5
2
76
2
1
64
7
6
14
16
4
2
1
7
2
3
8
8
5
12
10
2
1
6
10
2
6
5
1
0
2
4
1
42
6
31
2
2
1
8
15
10
1
16
7
2
1
54
1
6
1
2
31
7
3
2
9
6
6
7
5
3
10
1
11
3
4
48
5
14
5
4
33
7
2
1
27
2
5
6
12
10
2
26
10
9
1
2
1
41
1
7
8
1
