5
5
16
3
4
11
7
3
4
12
8
6
27
14
4
12
35
11
46
1
2
6
12
10
12
2
2
4
1
7
22
12
41
2
16
10
8
9
10
6
2
10
14
1
4
14
8
1
2
5
3
7
1
5
12
1
7
3
1
2
2
16
8
5
4
3
2
6
3
4
7
5
7
3
11
5
2
10
1
2
6
0
8
1
3
2
7
1
10
6
3
4
88
2
20
2
6
4
4
7
2
1
1
6
3
13
6
1
5
24
3
1
99
1
3
6
2
6
6
3
1
2
13
22
6
19
9
14
6
10
71
3
4
2
4
28
5
5
22
3
1
1
13
20
96
96
38
56
26
13
39
14
9
93
12
8
53
36
4
8
10
8
16
2
4
3
5
4
3
2
4
35
29
4
26
2
1
3
6
5
4
2
6
5
9
2
12
62
2
5
13
26
7
7
1
7
20
5
9
2
4
2
60
89
3
11
13
5
8
36
12
5
3
2
6
27
5
30
9
6
0
27
9
2
12
9
38
6
7
33
15
3
57
3
1
2
1
7
47
99
58
13
9
2
3
17
3
1
2
2
10
3
1
6
5
3
8
5
6
19
7
4
2
2
7
6
16
3
13
4
9
4
10
12
3
9
30
10
27
4
7
12
27
20
5
9
81
3
