4
13
2
5
16
23
38
10
44
20
52
4
6
5
10
1
29
5
2
12
68
2
10
10
2
3
4
8
7
27
10
19
12
10
3
3
7
3
2
6
8
21
25
3
19
2
6
6
0
13
53
2
13
16
3
1
2
32
2
3
3
3
10
26
13
13
15
8
7
11
1
15
3
15
6
8
7
8
3
6
15
1
1
15
2
6
3
6
18
3
3
10
10
9
27
87
90
3
11
18
2
1
3
4
4
4
23
33
8
18
22
1
14
2
33
94
6
2
97
5
5
13
1
11
9
8
32
2
1
33
15
11
1
7
1
1
26
31
5
7
6
10
13
2
1
1
88
8
8
4
4
2
11
54
5
2
1
6
2
10
4
25
6
0
1
5
12
53
2
5
7
3
37
14
9
30
1
5
15
3
5
1
3
2
0
8
3
2
2
12
2
7
16
4
0
4
92
62
2
8
96
5
13
7
1
8
2
95
10
6
4
10
7
39
6
48
1
4
3
13
4
8
5
5
11
39
6
28
17
4
10
5
31
1
52
4
1
54
6
2
9
8
3
5
12
2
6
7
9
3
1
1
28
8
3
3
19
13
63
5
5
12
8
4
30
3
27
30
3
3
5
4
10
20
13
1
30
42
3
9
2
9
12
3
3
4
18
7
