5
9
2
6
9
2
6
4
1
6
27
2
2
16
1
3
11
5
5
7
1
2
5
3
4
3
4
6
8
6
20
12
17
6
7
4
6
23
4
19
1
1
6
5
28
5
12
5
9
3
48
15
2
17
6
21
11
6
1
10
4
2
8
4
13
3
4
10
7
5
8
2
78
5
1
47
3
14
1
12
13
3
5
10
2
1
0
2
2
4
1
2
7
5
5
4
5
97
2
5
5
10
6
2
10
16
0
5
11
5
5
5
1
1
2
15
2
7
52
43
1
13
2
2
49
6
3
9
7
6
22
0
95
5
6
2
12
5
58
4
6
0
7
4
2
0
7
7
61
13
1
4
0
2
5
2
13
13
3
2
10
5
10
86
10
6
5
4
33
1
3
1
7
57
3
3
8
2
2
5
6
10
2
23
7
25
3
2
15
8
1
2
31
5
18
5
2
64
39
2
5
1
2
4
9
1
6
2
0
8
8
49
0
8
5
4
9
1
1
11
1
1
17
21
12
2
7
6
1
1
12
4
14
4
1
1
12
1
22
4
15
1
5
4
6
11
6
3
6
0
20
4
56
15
0
2
2
47
17
1
8
2
7
8
1
15
6
2
93
10
4
24
2
3
11
49
11
40
2
14
2
6
1
3
3
17
10
1
