5
2
6
3
9
7
1
2
2
2
1
13
9
12
2
5
4
7
2
1
3
7
5
11
27
6
2
13
2
2
5
9
5
0
5
2
1
2
11
4
8
4
0
12
1
3
2
2
5
9
7
29
3
1
9
12
3
3
5
7
9
6
3
0
5
1
7
4
3
9
1
10
7
6
4
2
2
6
3
1
11
6
3
6
3
11
1
3
6
13
66
1
6
4
10
1
5
13
5
3
13
8
6
5
12
5
9
6
8
4
3
14
20
8
3
4
6
3
2
6
5
6
1
2
1
8
1
6
6
3
10
2
1
2
0
13
3
13
2
4
12
16
7
6
3
6
10
2
10
29
1
3
16
8
2
13
7
2
5
59
1
1
12
13
6
1
4
11
5
5
29
2
4
3
25
2
5
1
0
1
1
8
61
1
11
3
12
2
25
8
2
1
6
25
13
2
6
7
10
30
23
14
13
1
3
13
10
35
4
1
9
2
3
5
9
0
1
0
11
26
13
1
38
2
5
51
0
1
1
21
2
50
4
3
34
2
1
6
19
19
0
4
22
4
13
7
12
97
14
3
1
99
3
5
3
9
7
4
6
3
7
6
5
5
6
1
14
14
7
1
6
7
5
7
11
11
12
10
9
3
2
4
6
4
3
3
7
5
