8
19
2
7
8
8
11
17
12
5
43
12
6
4
7
0
3
8
2
12
54
7
6
8
3
26
4
2
5
6
6
8
2
5
11
2
4
9
7
1
3
7
30
26
10
6
39
47
2
5
8
2
11
2
6
42
6
1
3
6
5
6
5
3
2
18
3
78
15
7
1
1
9
8
1
1
8
4
2
3
2
6
13
82
8
51
2
2
7
22
5
3
15
3
6
4
2
1
2
4
2
1
11
6
11
5
8
9
5
20
6
5
4
6
4
16
7
4
1
6
6
2
2
2
5
4
3
4
9
2
3
2
3
13
6
25
6
9
3
6
55
5
48
7
1
2
3
14
6
25
4
15
6
14
11
88
22
13
3
5
36
5
2
8
7
20
65
2
10
4
3
8
7
5
3
4
4
16
3
4
3
27
10
14
15
15
2
7
11
3
17
10
51
1
9
8
11
8
33
1
12
25
4
3
1
1
2
2
8
8
2
3
5
8
3
2
0
1
9
6
7
7
3
9
12
13
5
6
12
4
9
5
2
1
7
3
5
9
3
32
1
3
10
2
5
2
6
0
7
6
1
9
5
10
13
0
23
2
1
5
5
42
3
43
13
13
57
17
5
23
15
12
6
1
9
31
1
63
1
2
2
12
7
43
2
11
5
3
