3
1
23
10
5
2
12
1
5
3
4
0
3
0
5
17
2
11
3
1
8
2
1
2
1
2
17
2
0
10
14
2
10
4
1
6
2
15
15
23
3
7
3
3
5
18
11
6
2
2
5
12
1
3
2
7
51
2
0
6
2
14
1
8
3
7
4
5
14
5
6
8
3
7
2
12
3
7
8
11
5
2
57
52
8
1
11
4
5
30
2
13
3
3
17
15
23
7
12
2
2
6
1
1
2
11
6
4
3
4
74
9
4
4
1
5
6
9
3
4
8
2
7
3
1
2
3
2
11
7
8
2
1
8
6
6
8
7
0
5
6
4
11
11
11
7
3
6
1
1
2
5
58
24
1
7
1
11
6
5
60
10
6
25
2
5
0
11
28
0
1
7
0
15
1
6
13
9
1
5
2
21
2
5
1
1
2
11
1
2
61
12
1
1
3
5
9
13
4
16
7
3
1
3
6
4
20
10
2
20
8
1
6
4
11
1
4
4
9
1
12
10
41
3
51
1
23
1
20
6
8
4
0
3
8
32
2
5
3
3
85
7
2
33
25
27
15
99
14
11
4
14
13
14
7
16
11
3
2
18
2
11
6
5
1
11
2
9
5
14
14
4
6
6
3
8
2
11
6
7
3
6
6
1
1
6
5
3
