12
15
1
5
9
12
57
3
2
11
9
31
6
1
10
2
2
11
4
3
2
11
9
2
5
7
1
5
2
10
12
9
7
10
0
2
8
21
2
4
9
12
5
4
3
65
6
31
8
11
1
4
3
2
67
4
2
15
6
11
4
1
3
0
1
2
12
4
3
3
23
6
5
1
2
4
2
3
4
8
24
1
7
3
18
1
8
5
1
9
17
0
12
3
10
1
10
12
14
7
8
5
7
5
6
11
4
0
21
7
4
1
28
87
2
10
2
17
97
12
9
10
18
18
11
62
39
7
98
17
5
61
2
17
6
2
2
8
32
2
8
66
63
5
5
3
3
23
11
4
3
1
6
6
3
26
9
55
4
1
7
6
2
3
4
10
5
1
25
16
42
12
40
3
24
7
6
0
21
6
6
5
77
1
3
41
4
3
3
7
96
7
4
3
2
54
27
2
1
60
24
5
20
6
4
11
1
27
56
5
9
1
3
6
13
4
9
1
2
1
3
5
2
10
10
3
2
29
3
33
27
7
6
7
12
7
4
4
1
2
8
2
1
53
17
4
2
5
3
6
7
7
6
5
19
1
63
6
3
14
18
30
3
7
37
3
4
11
13
2
1
6
21
5
5
3
20
3
22
4
3
5
8
2
17
1
1
12
