23
3
11
5
6
20
2
12
21
10
25
4
0
5
6
0
12
11
2
6
7
5
6
27
4
3
4
2
6
15
19
7
11
7
3
2
3
3
2
33
2
2
41
0
15
34
2
2
2
9
14
12
4
5
3
19
8
56
50
46
5
4
13
1
13
3
7
4
3
2
7
2
9
12
6
3
3
9
6
1
12
11
5
0
6
10
6
7
10
8
11
51
9
1
4
8
4
3
13
4
5
6
9
4
5
8
28
12
57
12
20
5
2
2
3
59
5
5
6
4
18
21
4
2
0
17
4
4
3
8
4
25
7
96
97
0
6
6
7
2
21
5
1
4
3
89
7
3
20
6
10
3
3
5
1
2
4
10
4
2
3
94
3
5
99
7
3
77
4
1
1
96
1
10
2
8
62
1
3
4
2
44
45
14
43
47
9
1
5
57
4
6
12
6
12
42
1
27
2
37
9
1
2
29
3
3
3
2
3
5
5
3
50
8
28
5
2
99
2
7
10
7
6
7
2
7
44
11
96
1
6
6
7
3
3
1
9
5
1
0
3
27
2
12
6
10
3
2
3
5
6
7
11
2
12
7
2
1
3
3
14
5
8
74
3
3
2
5
3
1
23
1
4
9
3
8
97
8
4
2
10
3
5
66
23
5
7
30
