2
4
32
6
34
3
30
1
6
3
17
23
65
2
9
4
7
3
3
12
5
4
6
22
4
1
3
11
12
7
10
5
10
2
4
3
3
12
7
7
9
77
2
3
7
1
23
2
3
1
4
4
12
2
4
10
3
2
6
3
27
1
1
13
9
2
17
7
29
2
99
3
3
5
5
10
22
0
3
5
24
1
3
3
7
11
3
7
12
0
13
6
10
6
13
8
16
5
5
7
13
4
3
5
9
9
1
3
3
87
2
4
1
5
28
9
5
13
14
60
14
7
7
4
4
36
12
23
6
9
1
2
3
6
5
0
10
1
52
23
7
88
7
88
8
5
1
3
10
6
4
1
5
11
2
7
1
6
10
12
7
4
7
4
7
6
4
2
5
5
5
7
13
3
14
4
3
10
4
11
3
7
2
10
1
1
4
1
1
10
19
14
6
2
19
2
99
3
2
1
1
2
4
96
5
1
6
10
13
2
39
4
9
1
1
7
1
21
3
5
4
15
3
3
2
6
18
9
2
54
6
3
17
15
2
1
3
2
2
32
15
13
20
6
20
1
2
10
5
6
10
19
13
13
5
3
16
17
5
0
13
1
1
3
1
5
15
24
3
19
10
19
1
6
3
9
3
12
7
1
30
39
26
3
74
17
38
1
