8
12
4
28
4
6
9
3
17
14
9
11
33
1
8
4
7
5
39
1
3
1
3
8
1
13
3
36
21
6
3
3
5
9
8
6
3
12
0
7
1
1
2
4
2
3
51
29
7
6
6
6
11
42
2
6
3
5
3
1
17
9
5
1
3
38
47
5
6
3
11
2
3
2
42
12
1
14
6
8
9
4
2
57
3
6
3
4
7
4
19
79
1
13
4
82
3
9
7
95
5
8
3
15
4
5
8
7
9
6
1
1
1
1
6
4
2
2
56
98
10
99
1
7
6
1
7
6
1
14
55
5
2
98
1
15
6
9
15
5
1
6
2
3
7
3
4
2
2
5
6
5
23
11
7
10
1
28
8
5
6
6
3
8
1
6
5
1
21
5
11
2
2
56
4
5
3
3
18
8
3
3
14
4
12
4
1
6
5
6
2
10
3
6
1
6
1
7
1
5
1
12
7
3
1
2
3
2
1
10
3
5
1
0
31
14
6
7
2
7
23
6
8
4
5
18
5
2
3
2
3
2
6
6
3
7
11
1
6
5
6
42
9
2
4
2
5
4
1
6
37
15
6
11
11
4
34
7
51
1
6
10
10
5
1
1
2
9
1
3
10
1
3
19
5
3
11
1
63
1
8
3
1
3
10
12
5
1
