2
23
3
7
1
11
0
5
3
8
9
4
11
5
4
4
8
10
4
13
2
11
15
2
6
25
3
12
5
3
3
10
2
2
4
16
4
3
3
10
27
2
3
2
10
12
2
14
8
3
3
9
5
58
8
3
1
1
26
2
3
4
8
8
25
3
1
2
11
10
5
5
3
1
6
5
42
1
36
6
93
13
3
52
12
9
54
22
7
3
7
8
6
6
14
2
98
9
2
98
3
15
4
2
2
12
16
5
2
11
3
7
2
1
11
13
11
1
11
2
3
18
4
2
12
9
21
8
7
5
2
4
9
11
5
12
5
1
8
6
6
92
6
6
7
5
6
55
5
17
4
5
9
12
6
3
2
4
7
2
2
10
7
2
8
4
6
8
2
7
14
16
1
3
7
13
4
3
2
2
1
24
14
10
13
1
4
3
98
5
49
6
5
7
2
1
22
11
2
13
7
3
14
11
7
5
23
3
2
7
21
6
2
2
2
3
10
6
8
8
1
2
2
28
10
2
9
11
6
66
32
6
2
31
12
3
2
7
7
2
90
2
5
32
10
0
2
42
5
1
6
7
2
5
2
1
2
3
3
42
3
12
14
6
9
6
2
2
5
15
1
5
70
2
3
1
18
79
1
7
7
16
1
1
2
1
7
1
