14
5
25
16
23
23
6
3
9
5
4
22
3
19
16
13
3
13
23
1
10
2
3
2
27
9
4
10
6
13
3
1
3
8
4
5
2
14
6
4
8
3
18
10
8
13
7
1
4
2
7
39
1
18
3
3
7
3
1
16
7
2
1
3
1
1
1
1
6
5
2
2
6
3
4
7
7
4
7
1
5
1
11
12
6
7
8
14
7
4
3
6
0
4
97
2
5
9
27
6
3
5
14
5
0
15
10
12
92
5
5
6
3
11
8
7
10
11
2
3
5
11
4
3
2
4
1
10
6
2
6
27
2
4
6
0
2
3
3
12
7
7
5
13
6
17
6
5
10
22
33
1
8
5
3
8
3
3
3
7
2
2
2
10
13
3
1
59
2
1
8
55
1
6
10
6
6
15
17
4
8
1
6
14
4
38
12
14
1
1
16
2
4
8
5
3
4
23
3
0
15
45
2
14
5
39
3
13
38
2
8
1
11
3
40
2
8
15
9
26
12
3
3
10
6
5
6
10
1
5
4
4
33
1
5
3
40
1
2
1
4
17
48
11
1
1
4
31
6
11
3
18
4
11
5
8
8
6
7
99
3
2
2
2
1
4
10
6
7
6
7
1
2
7
14
1
3
11
15
4
16
2
7
15
2
12
3
6
