6
2
9
9
4
5
20
3
4
0
7
4
6
13
2
14
14
2
13
17
2
44
1
18
11
12
5
6
1
6
7
9
28
2
3
2
12
8
3
5
1
2
7
4
0
3
8
13
3
3
3
27
12
17
5
2
96
13
5
19
7
1
3
6
18
8
1
5
16
5
71
1
12
8
4
2
11
14
5
3
3
3
8
6
3
8
3
4
6
3
5
4
3
1
10
7
2
3
3
5
11
1
6
7
7
5
2
5
3
4
3
2
2
9
7
5
11
6
15
15
1
4
3
1
6
13
3
1
1
48
2
3
6
4
2
8
3
9
8
11
21
1
6
1
5
18
48
4
7
18
24
11
1
14
8
14
2
8
8
12
14
2
8
6
26
18
2
17
17
8
0
2
4
7
5
1
0
13
5
5
24
2
2
1
2
15
9
2
1
6
3
40
13
8
11
2
11
5
33
1
5
6
3
1
4
1
3
12
2
2
7
3
6
6
6
10
9
2
38
7
3
6
0
9
84
4
37
2
33
4
2
1
4
1
1
1
22
2
8
3
2
2
1
1
4
0
2
5
12
12
6
6
4
30
2
10
13
1
3
4
8
6
30
12
11
7
1
1
1
11
6
42
1
42
80
1
1
11
10
0
8
18
6
3
2
9
8
98
