4
1
19
3
3
2
7
2
17
6
10
3
3
2
11
17
1
2
13
0
0
11
2
8
6
25
2
23
16
11
16
6
12
8
1
1
6
6
8
12
10
5
8
2
20
3
2
13
7
23
49
2
1
2
5
6
3
38
12
7
4
8
11
3
6
2
1
5
7
14
2
3
5
11
2
10
6
2
3
13
6
4
6
6
10
7
21
25
2
2
7
10
13
3
12
17
5
6
13
3
1
3
9
4
8
3
3
5
9
5
3
6
2
0
5
2
14
3
6
9
3
2
3
0
4
4
6
13
6
8
3
6
8
2
7
2
3
2
6
6
1
5
5
7
46
13
3
74
4
1
6
5
6
1
8
5
24
1
5
2
7
4
25
5
14
2
60
10
1
1
3
4
24
6
2
10
12
6
5
16
2
5
3
43
12
11
1
4
5
66
7
3
5
5
1
25
8
3
12
2
74
12
2
12
10
2
5
7
6
1
7
39
3
7
9
3
11
2
12
2
23
35
18
11
1
6
9
9
1
3
12
2
0
1
8
3
3
4
0
5
5
5
33
7
7
16
15
14
7
5
4
2
4
3
4
8
11
10
9
14
5
11
3
11
25
0
6
11
5
0
27
18
10
3
32
9
6
2
0
10
8
3
2
7
5
3
12
7
