11
10
2
16
10
3
1
1
10
2
5
3
16
10
12
27
9
11
18
20
2
1
7
5
3
3
8
6
3
5
10
0
3
6
2
21
2
4
4
5
8
7
2
6
1
1
3
5
7
2
6
5
28
1
11
5
12
5
34
3
19
1
7
5
1
44
6
2
9
3
12
6
2
2
3
4
5
10
51
10
8
4
5
5
3
6
14
12
6
3
4
2
12
11
2
3
4
1
8
4
11
53
1
3
7
3
4
48
51
3
6
1
6
9
2
5
3
1
10
1
4
7
4
4
3
5
98
5
11
3
3
6
12
5
4
13
1
28
6
4
1
5
5
16
1
3
1
13
6
49
2
10
37
2
2
17
1
3
4
5
14
25
8
0
2
1
3
28
1
5
5
13
1
64
5
3
16
3
24
10
0
2
6
2
3
97
15
7
2
15
2
4
83
8
13
5
4
6
7
1
3
8
1
3
3
27
1
3
96
12
17
1
4
12
8
15
2
1
2
10
3
2
11
8
6
3
6
7
10
12
1
5
6
4
1
2
3
20
4
21
1
6
4
82
3
3
4
5
0
5
54
1
9
5
3
3
31
8
2
6
5
0
7
2
2
6
42
7
28
1
9
1
1
2
10
7
29
3
10
2
5
4
4
4
6
5
28
8
