10
30
3
11
11
62
6
0
6
1
3
13
7
20
3
1
10
3
9
6
11
3
6
9
7
1
33
10
4
49
3
20
10
3
9
4
2
9
3
7
22
8
12
32
1
9
1
3
21
65
1
4
17
5
13
6
5
10
2
1
3
3
2
5
2
10
2
32
1
7
5
1
3
2
24
2
1
3
1
1
72
12
11
15
6
6
1
13
1
11
1
5
13
6
7
16
4
16
9
2
1
1
12
10
2
19
3
1
18
7
1
2
6
3
3
11
1
2
11
1
1
5
7
3
1
6
5
21
13
18
9
1
3
9
9
13
1
1
4
14
6
3
11
6
1
4
5
3
2
3
5
3
4
17
15
10
3
2
10
11
7
0
15
7
7
52
1
8
59
24
43
5
8
12
3
5
54
13
41
5
11
13
3
1
8
2
7
23
14
4
7
5
1
8
5
11
33
13
8
0
2
7
4
0
2
6
4
2
5
9
4
3
3
32
7
6
5
5
6
2
9
13
5
5
5
93
5
6
2
5
14
3
4
2
0
5
2
5
8
37
5
6
10
2
2
4
5
29
5
27
11
13
12
44
3
1
16
1
5
3
8
1
1
39
2
3
3
1
4
5
6
6
25
5
6
1
5
7
19
11
3
14
2
9
11
3
1
4
