3
29
3
1
51
1
2
7
20
20
19
2
2
6
5
9
20
4
37
14
5
3
4
5
7
4
4
1
23
7
3
2
5
9
6
3
16
3
1
2
2
2
6
7
10
2
4
19
6
4
9
2
1
14
14
11
3
2
12
5
2
4
1
9
45
18
3
2
21
6
3
1
2
1
3
5
45
7
5
2
12
8
1
2
6
4
1
3
2
25
2
2
5
0
3
3
6
3
1
2
5
30
87
7
6
3
13
2
8
1
10
4
3
4
6
7
1
12
4
9
3
5
4
2
6
10
28
7
4
2
3
70
1
13
13
10
2
4
15
5
7
1
3
14
2
3
2
8
10
7
29
1
1
36
6
16
7
5
2
10
6
7
3
3
12
1
2
2
10
2
2
4
1
11
9
10
20
5
13
3
5
6
60
7
3
2
2
3
5
1
0
1
1
0
5
2
8
26
3
6
26
5
9
8
11
26
1
3
5
0
8
5
2
63
4
8
5
3
9
3
0
2
1
1
14
2
10
10
10
1
1
7
7
63
9
3
10
8
5
24
2
8
8
6
90
25
2
7
1
6
2
1
7
13
1
5
7
13
11
49
3
8
3
3
8
6
2
10
2
2
2
8
16
0
3
5
4
2
3
3
6
4
7
4
3
15
8
3
