31
11
12
0
61
11
6
8
44
7
3
12
1
11
8
8
0
6
1
13
36
6
14
40
22
3
0
21
3
3
5
11
10
14
5
11
2
2
46
97
5
41
97
8
10
8
1
5
6
27
16
15
6
3
10
2
1
6
1
8
4
3
20
1
5
69
11
4
48
5
45
2
4
1
2
8
3
19
3
14
6
2
1
18
78
1
3
19
3
2
1
3
2
16
7
5
6
2
2
6
7
1
29
1
13
6
2
11
5
2
5
12
6
5
4
3
1
2
1
1
26
18
1
7
17
3
2
4
7
4
4
1
25
11
13
5
1
36
16
5
33
3
7
11
2
1
3
7
9
6
27
6
3
8
1
5
7
7
8
26
4
2
5
28
4
1
11
7
13
4
3
1
17
13
3
3
13
4
12
60
5
7
5
8
9
27
29
4
8
6
28
46
6
1
2
46
5
5
32
1
22
4
5
18
7
11
6
21
5
5
6
18
4
99
9
5
1
3
6
1
7
2
1
3
1
9
5
1
6
3
1
22
6
13
2
2
6
3
1
22
2
96
39
2
15
5
5
43
4
4
35
34
5
12
6
5
39
0
11
9
13
24
9
8
3
6
34
6
3
9
3
2
1
3
7
3
1
4
1
1
3
79
4
4
4
1
78
6
