1
1
2
98
6
1
3
6
3
4
3
7
6
3
4
99
24
6
0
1
3
15
3
59
3
2
2
5
41
4
1
3
8
6
23
2
3
10
1
3
2
6
11
5
3
69
30
2
1
8
5
4
27
6
9
8
9
97
4
3
4
1
3
3
4
5
10
2
11
12
9
7
1
28
96
4
2
5
96
2
8
4
4
1
9
6
10
0
5
12
9
7
3
8
2
5
3
23
1
9
1
1
37
1
1
5
55
0
4
5
24
4
1
5
5
3
8
13
10
13
1
11
5
4
19
2
5
43
13
14
5
5
1
3
55
7
3
88
62
2
1
99
12
3
15
18
5
1
4
2
6
5
6
0
2
13
5
3
10
1
1
10
2
6
4
6
5
10
3
8
4
9
6
2
24
13
6
12
1
6
10
4
7
41
96
6
10
91
20
61
2
10
6
6
24
4
2
8
52
61
2
2
2
1
15
1
1
43
2
5
3
5
7
9
6
4
3
6
9
3
3
13
8
5
3
46
54
1
11
48
6
5
7
36
1
39
1
9
6
5
6
2
4
4
5
8
2
5
4
3
11
1
1
13
56
7
5
9
2
2
12
5
3
9
8
10
1
0
1
1
8
12
13
1
9
4
7
4
11
2
1
41
1
9
15
38
6
20
