1
8
0
10
10
9
2
0
12
1
3
3
4
7
1
3
30
18
2
2
12
9
4
1
6
8
1
5
2
11
97
1
10
7
25
0
12
2
1
45
11
8
6
19
3
11
7
2
2
8
0
4
1
7
3
31
9
13
3
10
1
3
13
12
2
5
3
8
0
1
10
3
3
1
11
29
5
1
23
3
10
5
2
7
3
6
19
8
22
1
3
14
2
13
4
0
5
2
5
33
8
92
8
11
8
2
1
18
89
5
16
8
5
3
13
22
3
9
3
3
2
2
1
17
1
1
14
7
5
17
5
10
50
3
4
2
8
7
5
1
27
5
4
6
5
6
7
16
4
5
9
6
4
11
55
3
4
4
3
3
5
6
5
5
19
35
99
4
8
3
10
23
5
7
7
5
16
5
4
3
2
19
13
8
10
7
1
10
5
10
9
10
24
18
43
3
1
15
1
2
6
5
12
5
6
4
6
8
7
47
50
2
8
7
27
3
9
11
3
30
4
13
3
3
64
7
17
3
26
8
1
6
3
1
34
19
4
4
5
4
2
7
6
12
27
50
5
6
29
1
14
8
3
2
27
6
2
9
7
12
3
20
2
12
1
4
3
14
1
2
3
40
19
39
12
3
8
13
3
14
2
5
3
5
5
4
1
3
