2
11
23
8
5
4
13
9
19
2
2
10
4
3
12
19
2
33
1
28
2
12
3
27
44
5
9
2
2
1
1
6
4
14
18
12
1
10
8
4
3
8
1
1
2
6
8
8
2
1
2
48
6
8
1
61
2
2
12
8
5
2
93
4
2
8
2
13
95
2
11
2
55
3
12
0
2
48
2
3
4
11
2
2
15
10
2
7
1
1
17
2
0
2
5
4
2
2
3
1
17
24
5
3
2
10
1
6
14
14
1
14
12
23
33
1
3
5
7
3
14
9
2
1
9
11
11
2
11
6
6
2
2
2
12
3
1
2
11
4
5
23
4
8
6
5
6
12
2
4
1
2
65
5
1
19
2
81
3
1
1
2
39
4
2
10
1
1
4
4
5
30
32
3
2
3
6
1
2
8
1
2
1
7
2
2
79
3
8
12
10
2
3
5
3
5
12
11
14
2
18
4
4
24
2
12
24
9
45
4
46
7
12
4
4
6
4
0
25
1
13
16
15
8
2
1
9
5
9
6
5
6
5
2
0
1
2
40
7
6
2
16
23
92
10
5
63
6
4
48
2
1
10
12
8
8
40
4
6
3
5
4
9
14
6
2
0
11
54
81
9
1
16
11
8
1
5
5
7
19
6
14
8
4
2
8
2
16
