3
8
93
7
3
10
3
3
4
20
4
8
3
2
7
43
12
1
7
8
21
35
3
17
3
2
7
5
8
9
2
14
8
3
3
6
4
2
3
5
6
1
4
7
0
6
7
9
10
3
12
4
1
6
5
28
1
8
8
42
1
3
2
44
3
19
16
4
7
3
4
13
0
5
13
7
11
3
46
3
2
9
3
4
5
7
12
7
10
25
7
6
5
11
3
3
3
1
6
16
4
3
4
14
36
2
7
5
11
18
2
5
9
11
2
6
28
14
20
2
14
1
1
7
5
52
23
1
20
1
7
5
6
18
3
6
5
1
10
2
5
1
3
4
4
8
5
3
3
10
10
5
3
6
96
1
3
6
16
1
10
27
6
7
2
5
7
10
1
7
8
3
4
1
10
3
5
1
2
6
5
10
4
6
50
7
5
5
16
7
2
12
3
5
16
0
2
0
44
8
11
25
5
13
63
15
6
9
4
1
15
31
6
10
5
55
8
8
28
20
12
2
3
52
4
1
2
10
15
4
2
3
1
2
2
4
3
2
2
12
1
6
6
18
3
4
10
4
8
5
0
3
2
17
36
4
5
10
1
13
1
8
3
9
4
8
13
2
5
8
6
1
1
4
3
18
5
4
6
22
6
16
62
21
18
34
1
11
