5
79
46
6
7
8
4
4
3
11
9
2
2
7
4
3
52
3
31
5
0
31
7
0
10
22
1
5
10
4
60
0
38
33
11
12
5
10
3
1
2
2
1
2
10
7
14
5
6
6
8
3
11
7
7
5
2
2
9
4
1
2
11
2
8
3
11
3
2
0
1
2
1
17
2
4
3
6
18
1
3
3
9
51
3
4
2
50
2
2
3
8
1
12
1
2
1
4
3
6
2
11
11
7
2
11
2
4
1
3
6
5
6
4
5
5
1
4
3
1
5
7
94
2
34
6
3
14
7
2
7
8
9
5
1
4
12
11
1
10
3
25
37
1
1
33
5
18
7
2
12
5
7
5
9
11
7
13
10
10
6
5
9
2
1
5
3
0
7
5
6
20
5
8
5
0
3
8
1
5
3
0
8
14
1
6
8
6
7
15
5
1
15
1
1
11
1
0
3
5
4
6
6
61
97
12
8
5
1
36
6
16
3
0
4
11
2
16
39
7
3
1
20
37
46
47
8
2
89
5
11
5
6
3
39
4
5
4
4
2
16
6
6
4
2
2
8
21
2
2
1
10
11
5
3
3
7
8
2
3
13
7
81
12
1
48
2
48
3
10
5
1
3
3
7
3
11
2
2
8
2
56
2
16
2
4
8
19
