6
8
8
56
32
6
42
3
10
3
2
9
7
12
6
27
5
2
2
5
5
3
0
3
7
3
11
2
8
2
6
26
7
6
8
9
2
3
3
1
6
11
3
3
1
8
10
25
1
9
3
9
5
35
30
9
3
5
3
7
8
40
6
12
10
4
27
10
7
9
3
3
53
3
3
6
10
6
5
3
4
16
3
14
27
2
2
10
17
24
1
8
3
23
9
2
4
2
1
2
45
0
1
10
58
1
11
6
1
10
97
4
5
4
5
1
0
5
3
53
9
3
5
4
1
12
21
5
4
8
8
96
4
25
4
4
5
41
5
3
3
7
10
7
5
0
0
3
56
7
6
3
5
2
6
4
1
15
21
5
2
6
7
10
9
2
5
20
7
9
8
1
2
6
5
3
1
1
11
15
1
3
2
7
3
12
24
7
2
50
1
56
5
6
2
1
7
9
5
7
2
2
6
12
96
2
2
1
8
46
12
5
1
6
1
2
60
8
10
2
52
6
26
4
99
2
4
19
21
6
3
2
5
5
3
5
1
3
4
55
27
22
6
6
4
38
1
11
71
9
3
2
2
2
4
2
5
6
18
4
27
13
3
8
34
30
7
25
10
19
27
2
7
20
20
47
2
7
8
3
10
3
5
4
5
2
7
3
