4
17
4
2
2
3
3
5
9
1
31
6
7
8
0
5
13
6
1
13
2
7
5
7
2
8
2
25
1
2
5
5
2
2
3
7
4
72
3
2
2
3
19
3
3
2
10
3
6
3
14
13
49
12
5
6
3
5
8
7
11
18
6
6
21
6
1
7
3
5
5
13
6
2
11
1
8
15
3
3
42
6
18
6
6
7
3
8
3
2
2
12
12
14
8
12
24
5
4
16
5
38
8
14
5
2
2
14
6
4
4
19
4
61
4
85
8
2
12
1
12
47
2
9
7
3
5
3
8
4
9
8
98
76
2
1
5
1
6
3
10
3
1
38
10
16
3
1
10
27
48
7
23
9
21
5
4
6
5
13
7
9
2
9
3
53
14
17
3
12
6
5
59
9
2
4
29
6
0
25
7
12
11
3
10
1
7
67
8
29
1
7
53
4
31
8
7
7
5
1
88
5
3
21
4
1
3
1
3
2
4
87
15
5
8
2
12
13
9
4
6
2
1
3
12
37
4
4
0
7
10
2
33
6
10
1
3
1
20
2
3
18
83
9
1
4
7
8
7
5
2
3
31
22
8
8
5
6
2
26
1
9
11
5
5
8
30
1
12
1
10
6
9
1
7
2
2
5
5
79
11
25
6
7
1
7
3
6
