18
3
40
19
10
4
13
5
3
1
96
4
5
15
3
3
5
3
3
26
18
2
2
16
3
8
2
3
7
29
26
1
33
2
5
9
5
1
2
15
8
48
4
5
6
44
4
8
25
3
37
1
3
12
5
3
3
8
8
14
12
5
1
5
11
3
9
94
3
3
9
11
12
3
11
5
1
2
28
7
0
0
2
16
4
3
1
96
4
91
7
1
3
5
28
3
1
1
6
53
1
54
50
95
3
1
8
3
1
20
5
2
6
75
2
1
6
17
7
10
0
4
13
1
1
13
96
1
8
11
3
1
2
3
5
10
6
61
11
6
38
6
1
23
10
3
5
10
13
2
20
2
6
23
19
12
3
4
6
3
99
9
12
2
5
22
6
6
8
10
22
25
0
3
4
2
6
3
7
5
3
25
25
0
4
4
3
1
8
22
11
7
1
6
11
3
20
2
5
4
44
8
1
44
7
1
3
11
1
1
6
5
3
1
1
2
2
2
8
6
7
4
12
2
21
8
10
20
1
12
5
26
2
12
46
15
9
1
13
7
3
1
2
18
3
1
22
27
30
3
2
4
41
5
3
11
30
3
3
5
12
27
3
19
3
39
1
1
3
1
10
4
0
15
8
21
9
43
13
8
7
12
35
76
7
1
8
3
