1
3
12
4
0
2
5
8
0
6
6
29
12
1
3
6
40
12
2
38
11
16
1
3
8
9
9
34
5
13
13
11
58
10
2
2
2
5
1
74
0
12
1
1
4
1
3
15
98
8
8
23
13
3
4
11
42
5
2
9
1
12
0
31
2
22
6
4
3
9
1
1
56
7
7
6
1
79
9
7
8
1
13
2
1
12
6
7
3
10
79
6
8
1
4
8
19
4
12
6
6
8
2
8
6
7
1
4
48
13
1
2
5
1
5
1
5
71
2
2
5
2
4
6
1
5
11
12
22
3
1
7
57
77
7
9
4
9
14
7
6
1
5
1
27
73
1
1
36
2
1
5
1
8
10
11
4
5
24
5
7
1
5
19
3
3
6
4
1
52
6
13
12
1
6
5
22
3
3
5
4
7
9
3
6
11
1
4
7
15
7
1
4
14
6
3
4
1
2
16
20
1
8
2
29
7
1
2
3
2
58
5
4
7
3
8
2
7
2
1
78
2
7
3
5
5
4
3
8
6
3
5
11
3
4
9
6
5
8
4
97
8
1
2
17
8
2
3
10
81
7
10
33
42
6
17
1
2
64
1
35
3
2
9
27
1
10
6
17
6
12
3
3
32
3
14
7
4
7
19
5
42
7
2
1
1
2
9
