6
9
3
1
5
1
7
11
16
5
4
55
1
5
6
6
5
24
3
5
15
5
5
9
5
24
3
4
9
4
1
7
8
4
1
6
3
6
8
5
5
3
9
8
5
4
3
3
1
5
12
19
49
1
2
12
1
27
6
5
3
2
8
12
15
12
8
2
6
31
2
4
2
18
7
1
6
18
4
8
48
2
5
1
4
3
1
3
11
71
8
2
53
4
1
7
2
0
0
5
1
4
12
15
6
2
13
4
18
3
7
17
6
1
4
4
7
4
2
2
0
13
2
3
1
2
2
5
5
8
2
3
57
4
4
91
13
7
8
3
9
7
8
52
3
18
53
4
1
2
7
3
2
0
5
9
2
6
3
51
14
19
6
5
9
8
6
1
4
4
12
9
3
1
2
7
6
11
2
10
1
3
1
15
7
6
14
98
1
8
2
5
3
2
4
14
3
2
5
2
18
1
6
1
6
5
6
10
50
2
0
40
1
2
6
5
4
6
2
21
9
3
4
4
4
1
6
1
5
42
4
6
2
2
10
9
2
1
15
10
33
28
13
3
1
2
5
5
5
2
2
2
10
0
1
2
7
1
4
39
4
6
6
2
4
11
4
2
8
6
29
5
3
6
2
5
2
5
1
2
43
6
1
2
15
38
3
2
