9
2
4
1
7
10
2
3
5
15
49
66
10
5
1
2
2
9
3
3
3
38
9
26
2
6
11
2
13
1
4
17
2
8
6
7
18
30
3
2
3
13
7
1
3
5
0
1
5
2
1
1
3
1
1
9
8
10
2
24
1
49
6
21
3
1
4
6
9
6
2
8
2
15
2
8
5
3
4
5
1
27
2
2
9
11
12
1
1
2
4
7
5
32
8
2
3
1
1
6
7
13
4
3
3
1
1
6
9
93
4
10
1
5
1
51
6
1
3
11
3
5
2
14
4
3
4
10
93
6
5
4
1
9
21
3
6
8
1
3
6
6
2
15
12
1
55
6
1
64
11
20
8
2
7
46
5
5
38
8
3
33
8
38
19
10
1
0
10
32
23
3
19
10
5
2
5
3
37
6
1
6
3
0
0
9
26
15
6
2
0
2
23
1
6
5
1
6
8
12
2
51
1
7
3
6
2
5
2
7
3
5
21
3
2
1
2
2
31
21
4
5
2
91
2
2
12
16
50
3
12
4
10
3
5
85
11
6
5
9
31
2
2
3
5
8
5
2
1
1
1
3
2
1
3
9
3
23
11
5
9
1
51
6
3
9
2
5
1
3
11
3
8
6
2
3
1
6
9
4
13
3
7
15
5
2
2
3
