68
7
8
2
11
1
0
27
8
55
4
10
39
1
14
3
3
14
3
11
37
4
7
11
8
66
14
10
17
2
2
4
25
7
1
3
5
12
97
6
14
6
2
11
1
8
1
15
8
2
14
28
20
2
4
26
17
1
6
7
5
1
3
2
8
9
20
27
2
4
2
5
11
4
37
12
2
6
6
79
1
2
2
2
7
5
1
10
15
4
6
9
5
2
1
6
6
78
1
2
9
24
8
3
12
7
12
5
5
4
2
12
6
2
3
13
7
1
94
3
21
2
19
2
11
7
3
1
2
3
6
1
7
21
2
25
8
4
2
9
3
2
1
6
5
1
2
9
11
5
17
6
10
68
3
5
3
5
8
1
3
2
43
3
46
3
2
3
10
11
40
5
6
5
9
5
5
17
12
4
6
6
7
8
1
6
29
2
22
5
1
5
2
7
2
3
7
9
12
6
7
6
3
3
5
5
2
1
0
6
2
29
4
67
2
1
29
2
2
3
9
1
10
3
4
2
21
10
97
21
2
3
3
7
1
1
3
1
24
5
12
1
1
23
2
5
0
7
5
7
7
4
24
5
53
2
69
53
5
2
1
6
11
5
1
2
12
6
4
6
57
6
2
49
1
6
43
11
11
1
3
4
2
4
13
3
1
3
