12
17
10
8
11
1
9
8
0
7
3
6
2
6
7
10
10
11
26
3
11
6
3
10
2
2
2
7
3
27
4
9
1
12
3
3
0
13
23
13
5
5
6
25
4
2
50
2
12
4
1
8
3
2
73
7
1
1
3
5
26
13
6
6
10
1
3
4
6
13
2
1
4
9
5
5
5
48
70
3
5
2
9
2
49
70
1
25
10
5
6
2
2
3
1
5
3
15
8
0
3
47
5
5
3
6
6
15
3
97
5
2
19
2
1
6
6
6
11
4
12
14
1
1
6
14
2
3
4
6
11
4
4
9
4
98
98
13
3
14
2
8
4
64
3
6
3
6
4
6
1
9
2
7
13
3
11
13
2
3
9
62
7
20
5
2
8
9
7
31
12
2
6
9
3
8
5
7
2
2
8
2
3
1
5
1
5
0
6
1
23
9
7
2
12
5
3
40
3
2
18
27
43
11
7
4
10
5
29
6
1
2
2
1
3
28
6
1
4
15
10
7
4
1
21
5
1
5
8
1
4
6
4
40
0
4
17
7
4
4
1
2
5
8
2
5
8
3
5
1
5
5
2
48
39
7
3
2
12
6
43
8
12
4
3
1
12
49
3
5
10
7
4
1
5
3
5
5
8
6
2
6
5
3
9
1
42
10
