11
42
1
16
3
13
27
4
3
6
9
37
5
57
26
1
8
15
7
3
14
10
3
4
11
5
3
5
7
2
1
15
4
3
4
65
10
4
13
29
5
2
2
7
10
2
53
2
8
7
1
9
13
5
10
3
8
3
6
4
4
1
2
6
2
6
2
11
3
6
4
6
5
5
9
2
4
14
6
4
12
30
61
7
8
3
7
87
5
8
25
3
3
8
1
67
21
5
3
3
6
1
1
48
3
10
12
8
5
6
5
9
9
1
9
16
92
6
1
6
14
11
2
48
2
13
4
3
1
1
6
14
6
7
1
9
9
1
5
2
6
3
12
3
6
1
6
3
3
5
7
1
4
11
2
16
8
10
1
3
54
4
26
7
6
7
42
5
1
6
7
5
3
1
59
12
2
7
3
1
1
56
9
1
4
9
27
14
4
3
4
4
6
3
3
5
1
3
9
8
8
7
9
6
7
5
2
3
3
3
6
34
2
3
1
0
2
5
79
2
26
2
2
3
2
2
5
1
6
8
6
3
8
7
8
8
1
6
21
1
35
10
26
32
7
16
24
12
9
2
7
5
10
6
7
22
22
22
1
12
9
1
5
35
3
1
7
61
2
3
2
3
8
2
7
7
6
26
7
6
10
9
3
6
8
3
3
6
