25
3
18
8
5
8
1
1
1
13
10
19
61
2
12
1
8
7
6
20
9
32
0
8
2
3
15
1
10
5
4
3
0
1
3
7
22
25
25
2
18
0
3
1
10
7
14
11
2
4
3
3
8
1
3
8
80
2
5
5
6
5
15
3
5
2
20
4
15
3
11
1
10
1
4
5
11
87
8
7
9
8
6
1
2
3
21
4
14
4
5
5
7
6
10
12
21
2
2
12
5
5
5
15
7
13
10
20
1
11
9
14
12
5
8
1
6
51
14
2
83
5
3
5
1
4
1
3
6
7
1
4
3
10
9
2
3
5
1
6
1
1
10
1
14
2
2
3
1
29
1
3
46
1
17
2
7
14
4
8
3
5
1
8
6
10
1
5
6
4
59
0
59
3
1
12
37
9
3
3
2
1
5
23
8
3
3
13
7
14
37
34
3
4
3
8
18
7
1
8
5
2
4
9
98
1
1
3
3
11
4
1
1
5
2
5
65
5
98
33
4
1
2
9
18
4
4
3
4
6
3
1
19
2
3
3
6
1
8
3
3
17
4
4
3
1
1
6
6
3
3
6
3
5
3
8
2
5
12
4
3
11
36
12
1
2
1
10
10
2
2
1
4
43
41
9
1
2
8
11
2
6
5
5
13
2
3
6
