1
10
6
11
9
2
2
0
1
15
1
24
12
4
3
2
32
3
1
1
1
5
9
4
9
3
1
27
6
15
6
17
13
2
4
14
13
6
3
3
38
11
14
17
2
0
3
4
0
13
11
3
6
2
1
16
3
3
13
2
6
2
6
14
7
11
10
6
14
7
7
6
2
31
41
2
1
8
7
7
6
7
10
5
8
8
50
12
3
10
4
9
10
5
11
10
6
4
13
2
2
4
2
12
3
12
11
6
10
17
16
4
0
6
15
9
6
49
0
5
6
1
3
10
2
14
20
3
32
5
8
57
5
3
5
6
11
10
5
32
5
9
2
2
29
6
12
5
2
16
7
12
3
1
5
58
6
4
14
7
9
20
1
1
1
3
60
1
40
9
61
9
3
6
8
1
19
5
6
17
3
20
5
55
1
14
7
10
8
5
7
31
8
7
61
7
1
25
40
11
7
0
3
1
58
7
8
5
2
4
5
2
1
2
1
41
1
65
9
39
5
3
18
3
5
29
26
35
20
2
5
3
35
20
3
16
25
1
2
8
49
23
15
9
0
16
15
8
6
7
3
8
5
9
1
0
6
0
8
5
11
15
10
8
16
5
7
9
79
1
2
6
3
7
15
5
5
10
2
5
2
1
2
7
24
6
6
7
