15
12
0
5
14
3
16
8
4
3
7
11
3
19
19
3
3
3
7
29
7
8
18
8
3
2
7
1
8
3
1
10
8
63
2
2
39
5
8
2
10
0
21
27
4
0
2
53
6
8
6
5
11
7
1
4
3
4
2
2
5
2
1
6
9
44
12
3
6
4
17
3
4
13
1
3
4
2
76
6
32
2
86
3
7
10
3
2
1
2
11
5
6
31
2
6
3
43
8
1
1
1
7
8
10
20
9
7
1
3
5
4
14
6
12
2
9
7
2
6
2
3
4
3
6
3
3
14
4
1
6
1
3
10
2
2
5
10
17
4
7
5
26
12
51
3
8
8
2
81
1
6
1
1
15
12
12
15
16
29
1
32
12
1
7
3
6
2
6
4
24
3
15
7
4
2
15
1
3
2
20
2
5
5
22
2
3
1
52
13
23
2
10
6
31
44
23
5
82
87
4
9
1
6
30
7
6
4
30
4
2
4
2
10
24
2
2
32
2
4
16
3
12
63
14
21
3
0
12
2
6
16
7
1
1
3
9
32
8
11
1
1
2
1
66
82
5
2
8
9
5
1
1
6
1
2
6
7
3
6
5
4
3
15
36
11
12
3
1
31
1
3
1
3
13
7
1
2
7
13
3
2
21
6
2
9
6
5
