6
11
14
7
26
2
6
12
1
5
1
1
8
3
9
6
4
21
6
2
4
1
6
5
12
1
9
17
13
21
3
9
1
2
4
12
4
2
5
2
9
1
4
8
4
2
3
1
1
20
15
1
5
1
15
36
2
10
20
5
6
6
20
54
7
37
2
7
2
9
8
5
9
11
2
15
12
7
11
1
8
81
2
2
5
4
8
2
10
3
5
2
8
7
2
2
12
2
6
5
6
3
6
0
6
5
5
8
37
2
6
7
9
3
2
7
5
8
3
2
6
7
9
4
7
1
3
2
2
3
5
13
84
6
2
8
6
37
8
6
5
2
11
1
6
17
6
2
5
5
3
6
1
9
7
1
1
12
1
21
0
4
2
3
1
14
1
0
6
9
3
2
2
8
3
6
11
14
6
44
33
6
1
9
28
0
3
11
2
5
1
6
2
3
1
9
8
12
12
3
3
4
8
1
9
1
18
1
3
20
5
5
22
91
1
1
3
6
46
2
0
6
91
5
4
0
3
16
66
5
50
4
1
4
13
1
5
1
6
5
2
0
4
57
8
1
4
12
18
1
5
4
2
97
6
4
8
18
3
2
0
3
5
5
2
2
45
3
14
4
15
2
25
11
3
2
2
1
21
3
8
44
2
8
2
0
2
2
