6
5
48
9
0
8
26
56
7
3
2
11
6
11
10
13
7
5
16
12
7
14
7
11
50
12
10
6
0
5
4
10
4
14
24
5
24
1
46
9
11
1
21
10
2
19
6
8
0
1
6
1
5
6
5
8
6
1
5
6
7
2
61
6
1
2
7
2
14
3
4
4
3
5
3
19
5
10
45
2
7
5
4
5
2
1
3
1
3
1
3
8
5
8
92
7
2
5
2
1
5
60
3
3
6
19
1
2
5
3
19
12
6
3
14
8
6
10
13
4
5
5
13
9
14
9
2
5
71
3
18
5
6
12
10
5
7
5
37
1
4
3
9
96
6
6
1
6
7
5
4
56
2
6
1
54
2
3
6
5
16
21
57
1
45
7
0
2
3
6
3
5
1
8
2
6
9
13
9
18
36
4
7
3
38
13
0
10
3
55
2
6
22
4
21
2
2
9
15
3
27
1
2
1
4
2
12
3
2
49
17
15
3
11
5
98
7
5
42
9
99
3
3
95
4
4
10
51
10
2
2
5
21
17
2
0
1
6
3
12
0
8
9
3
47
22
8
6
9
0
12
2
2
2
7
3
3
1
2
62
5
1
3
1
1
2
6
6
13
3
16
3
13
3
7
8
1
1
31
5
4
5
2
3
5
7
2
5
