2
97
5
7
3
3
3
8
1
70
1
3
5
7
8
3
4
6
12
2
2
29
5
4
46
2
24
2
3
3
14
3
5
5
1
6
13
9
12
98
5
14
5
20
1
4
49
5
2
14
3
8
3
4
42
3
28
4
1
7
9
5
10
1
31
11
10
15
27
26
3
4
5
3
13
5
1
6
57
2
5
9
2
19
1
3
2
3
5
96
4
12
5
0
95
1
4
5
5
6
4
1
5
5
87
96
7
21
7
10
0
13
1
6
47
4
1
7
7
23
97
33
10
12
12
12
4
6
2
7
56
60
34
4
97
3
97
8
3
6
3
5
5
1
27
0
15
4
5
10
14
4
12
10
1
10
6
18
3
96
13
4
8
3
6
10
6
1
4
2
3
11
3
15
5
41
6
12
33
6
10
7
2
8
1
6
10
7
3
3
10
5
6
14
9
12
16
5
3
5
36
12
0
10
41
8
47
1
12
10
26
5
28
4
2
2
5
26
3
48
2
37
4
5
20
2
3
7
6
25
3
8
5
89
9
12
6
47
15
52
4
52
27
6
99
3
9
4
20
5
7
11
7
8
10
3
3
5
29
4
3
17
1
1
7
5
4
3
6
6
13
16
5
5
4
1
43
2
10
1
9
5
6
4
3
9
8
5
