56
22
1
3
4
2
7
13
8
9
6
2
12
2
31
6
3
12
7
2
30
3
6
2
2
3
26
0
4
5
6
6
6
17
4
3
10
3
23
2
4
5
13
10
6
2
4
1
6
9
13
17
25
7
98
5
1
2
4
5
1
2
5
3
1
8
5
8
7
17
7
6
20
6
5
8
12
3
6
45
4
3
1
18
5
6
2
12
14
3
7
15
12
0
6
5
13
20
24
6
10
18
19
1
1
5
15
11
6
1
3
1
1
10
3
3
4
9
4
4
3
4
2
99
4
1
2
6
5
11
1
6
1
14
4
3
3
7
5
5
5
11
3
6
6
6
5
5
18
1
13
2
6
9
0
12
60
0
24
5
7
2
13
5
1
9
0
1
18
1
66
2
9
2
6
64
6
61
2
5
1
2
3
15
61
1
1
2
2
14
17
1
3
2
3
3
7
18
1
2
11
4
39
9
7
3
21
1
6
6
8
60
10
6
18
6
3
7
2
48
6
14
5
3
2
1
7
74
3
13
5
26
8
2
6
8
5
1
4
17
2
1
1
26
5
7
3
47
99
7
2
76
6
3
8
1
6
2
4
6
9
3
2
1
1
6
14
27
2
2
5
11
2
12
2
2
2
1
58
3
3
25
10
26
6
6
7
73
