98
1
4
20
2
11
11
3
6
25
1
7
19
3
3
4
4
1
13
5
94
2
69
0
3
5
2
6
5
10
4
36
9
14
10
91
4
6
4
6
14
2
2
2
6
1
3
7
34
3
6
7
4
3
23
6
46
1
3
2
4
6
27
4
5
0
3
2
4
6
6
8
25
5
11
5
5
22
4
3
4
13
6
3
4
3
4
1
20
2
1
4
8
1
6
3
11
2
5
14
6
1
6
2
2
2
13
24
1
2
14
18
0
2
11
4
70
56
10
12
3
7
42
1
6
1
3
3
6
5
5
64
6
7
11
13
6
7
17
5
1
4
2
38
4
3
4
26
2
56
3
9
4
12
63
3
4
10
6
5
99
5
50
0
9
3
3
5
2
8
11
44
2
73
41
6
34
6
2
4
5
1
10
5
19
2
10
3
4
3
10
2
10
5
8
24
12
11
10
33
1
43
0
49
5
22
51
48
4
18
6
3
5
2
15
3
3
1
10
6
95
17
19
2
4
27
6
9
8
8
5
2
4
5
4
5
2
5
2
12
6
5
53
4
12
1
9
8
5
1
6
8
22
1
0
9
67
15
2
1
16
4
11
0
8
4
12
8
1
5
1
12
8
3
2
8
10
2
7
6
83
1
7
3
35
2
1
14
