3
5
7
13
27
1
35
6
3
66
10
5
13
1
15
2
1
2
3
3
3
2
2
10
6
6
3
2
8
12
16
5
1
16
3
2
6
0
4
13
2
7
5
20
19
3
10
18
2
1
9
3
8
33
1
3
7
4
4
3
7
7
17
17
28
7
12
14
5
2
21
11
5
10
6
3
3
1
1
4
7
2
19
5
9
2
5
7
97
10
0
6
16
6
21
15
6
13
8
2
5
7
17
6
3
3
1
2
1
1
3
2
24
5
80
0
2
3
2
5
3
0
3
9
3
7
6
5
8
12
85
3
10
70
1
3
11
27
4
8
3
14
2
4
7
12
13
6
1
1
1
1
2
17
5
2
2
5
1
11
3
3
6
64
2
4
5
6
5
25
7
8
6
2
27
15
1
13
11
7
5
7
10
28
5
1
67
6
1
1
6
4
24
1
7
4
0
0
2
4
4
4
4
3
4
1
1
0
39
4
2
7
4
3
54
20
5
3
1
3
14
4
7
8
3
2
3
49
1
2
1
2
3
23
2
11
31
3
9
5
3
4
10
33
6
5
9
2
6
4
6
5
5
6
56
11
5
8
5
4
2
15
1
13
5
9
6
10
6
1
2
6
11
5
10
6
77
1
24
6
3
5
2
7
15
12
3
1
