4
8
3
3
7
42
4
18
5
13
1
6
0
3
7
4
2
61
6
7
3
4
2
8
5
5
4
2
0
10
6
7
31
67
3
23
10
1
3
0
6
3
7
8
5
3
1
5
3
10
5
3
8
1
7
13
6
4
3
13
1
9
9
7
1
31
10
16
14
10
9
3
2
24
1
9
4
1
13
5
1
91
3
8
4
6
8
14
4
5
25
2
7
3
6
4
13
22
48
6
2
7
28
5
8
7
4
2
13
9
56
3
7
3
10
13
1
7
4
5
1
3
31
15
4
16
2
77
52
7
7
6
5
5
4
1
3
8
12
8
21
14
13
11
3
18
1
1
0
11
2
4
9
3
18
3
55
19
18
3
4
3
6
3
21
18
2
4
7
16
1
11
98
14
15
14
1
1
97
1
2
3
11
5
21
1
7
17
10
3
7
37
4
3
9
1
7
26
11
3
4
83
9
64
10
9
96
2
6
49
4
4
10
8
2
13
18
0
2
4
20
2
19
2
17
3
6
56
3
5
6
19
3
5
2
8
3
27
2
4
95
22
1
9
33
2
23
9
8
7
1
3
6
2
5
4
3
3
3
9
5
2
7
6
8
13
7
9
3
6
30
7
1
3
11
5
4
7
5
9
8
7
4
7
4
1
3
4
