7
16
2
4
61
28
26
10
2
5
6
11
18
8
2
41
51
4
11
3
48
2
11
4
8
10
6
26
4
21
3
4
2
1
9
10
1
63
7
11
98
1
4
11
12
7
3
7
35
5
6
21
4
82
3
15
8
5
27
5
19
21
4
2
6
0
4
0
1
5
2
3
5
14
6
1
8
13
48
5
3
2
6
2
9
10
19
3
3
10
2
11
6
10
2
3
11
12
1
5
98
6
1
5
5
1
2
1
9
3
5
49
5
13
3
6
15
2
3
10
2
3
10
14
6
1
8
1
4
3
3
14
95
2
5
5
51
98
2
9
3
6
10
2
16
1
2
4
25
0
22
27
7
6
3
3
5
13
4
2
26
24
3
6
12
1
13
10
5
3
8
5
1
1
7
5
12
53
5
26
54
0
37
10
7
3
1
3
4
9
2
5
9
1
2
24
2
4
2
6
9
3
5
6
9
2
28
2
1
6
5
12
2
1
2
10
4
1
7
16
3
7
1
5
2
10
1
3
78
3
0
61
1
0
12
0
3
17
2
1
4
1
2
20
0
1
7
9
22
11
19
83
53
2
4
4
8
5
18
1
1
3
2
5
1
6
6
2
12
1
2
4
6
3
19
43
7
2
5
3
31
3
6
7
7
47
9
9
