16
0
1
9
7
10
3
9
8
11
2
2
1
2
8
1
8
5
2
1
2
2
3
2
7
23
11
8
1
10
4
4
9
6
4
5
23
1
2
28
2
10
12
2
1
3
7
7
10
69
4
0
22
3
4
2
14
21
11
10
1
2
57
5
7
55
14
8
9
7
3
2
2
6
10
3
21
2
3
6
81
5
11
5
21
5
1
21
4
2
1
14
2
5
6
10
16
2
6
7
0
11
1
5
3
1
2
7
6
0
3
2
2
2
5
3
2
2
2
11
6
8
5
3
2
7
3
4
34
6
36
11
13
8
10
6
14
4
2
6
2
3
2
13
15
15
2
20
3
2
5
32
3
1
2
4
5
2
6
38
9
0
1
1
2
26
77
5
8
2
14
7
12
57
4
5
0
3
3
19
1
5
13
10
10
7
41
1
1
4
7
2
5
5
2
5
72
18
91
0
48
3
1
3
11
28
2
1
5
7
6
1
9
5
23
2
6
15
0
16
4
21
30
44
14
6
10
2
91
1
16
6
15
2
8
5
9
29
2
9
1
2
13
1
11
16
2
9
5
2
2
8
21
2
12
1
5
2
6
55
2
2
12
4
5
8
1
3
9
2
58
7
11
2
9
3
2
1
93
7
5
2
9
9
4
5
2
8
