1
1
8
9
5
9
0
60
19
9
1
5
5
18
1
16
8
1
6
36
3
19
67
1
9
3
3
6
9
5
6
10
5
10
1
3
5
1
1
9
3
2
8
20
5
11
4
4
4
1
5
4
5
37
6
3
2
3
5
53
5
2
29
4
6
1
2
30
8
11
3
3
2
11
1
15
3
52
5
8
3
1
4
6
6
7
4
4
5
4
4
18
12
6
28
2
5
6
6
3
3
5
1
2
1
2
0
11
2
6
2
9
5
6
7
1
9
2
8
2
44
1
3
14
6
2
3
6
4
1
7
33
14
8
7
35
14
6
18
1
4
2
1
11
9
3
8
2
1
11
2
98
7
13
14
6
4
11
10
1
4
97
2
3
5
1
19
12
3
85
4
26
4
11
1
21
11
19
0
11
56
7
1
7
1
3
1
18
1
18
6
3
3
14
61
2
4
87
7
11
68
6
4
13
1
11
5
4
1
39
5
8
2
2
18
13
2
4
3
3
21
33
3
8
12
62
17
58
48
4
4
2
2
12
11
2
4
76
6
3
2
1
3
0
3
11
2
1
6
1
0
2
1
6
8
4
11
7
45
6
89
9
9
3
2
4
4
35
12
92
9
15
11
3
5
1
5
3
13
6
3
7
2
4
3
4
6
58
