1
1
3
9
3
6
42
7
4
7
6
72
7
3
99
8
10
3
12
3
8
7
10
8
5
14
3
15
5
4
3
40
7
6
3
3
8
26
99
25
3
3
5
9
4
4
2
8
10
6
1
35
9
2
33
15
3
2
11
3
4
2
4
0
17
5
1
1
8
11
3
2
8
4
11
3
14
10
3
4
3
7
8
1
4
8
9
1
52
9
8
2
10
6
1
7
1
10
1
8
1
7
42
26
2
4
12
23
7
49
1
1
0
3
46
2
14
3
9
1
3
7
5
2
4
5
35
8
5
99
27
1
2
7
11
26
5
2
0
2
11
10
3
1
7
11
4
18
4
5
17
4
10
95
24
5
99
4
6
11
28
99
3
7
6
3
1
1
90
11
12
7
2
7
8
3
5
7
5
7
3
4
2
9
1
7
2
6
18
7
8
50
1
1
6
98
2
90
44
2
64
4
91
3
0
18
43
92
30
3
52
3
52
6
2
18
24
83
3
6
33
7
3
6
9
10
2
6
2
92
5
2
27
22
2
2
2
13
5
5
7
15
1
2
1
44
3
3
1
2
1
7
3
48
14
2
21
5
3
7
2
25
12
3
2
5
3
1
1
3
30
13
7
3
5
12
9
3
23
12
3
2
2
13
9
13
13
5
