0
9
12
5
2
5
8
6
6
6
0
7
2
5
3
23
2
5
7
2
2
4
7
3
2
3
3
3
3
7
8
3
6
8
4
3
14
8
3
12
0
7
5
9
3
7
7
3
11
70
3
2
5
49
51
5
3
10
1
5
12
44
2
4
5
8
19
17
14
6
11
10
10
3
18
8
13
17
4
3
18
7
6
18
17
14
5
5
15
1
16
8
6
3
4
7
8
11
2
7
13
4
7
2
5
6
6
4
5
5
38
2
2
1
5
3
4
7
1
2
1
3
2
4
1
7
3
1
13
1
2
7
3
6
1
6
10
3
3
2
12
2
5
1
6
1
8
6
58
1
0
8
5
4
4
1
5
0
1
3
5
10
2
4
3
5
5
2
10
6
0
24
14
3
7
15
1
2
4
1
26
6
5
2
25
8
18
25
4
6
2
7
2
3
2
5
0
6
4
4
14
21
5
4
4
4
64
17
4
2
2
2
6
8
3
2
3
4
9
2
3
1
3
7
13
6
76
5
9
3
1
7
12
4
1
13
1
4
10
6
2
6
9
5
3
8
4
2
9
1
43
2
3
8
6
1
1
6
4
7
6
6
4
6
42
6
5
6
12
7
19
1
8
7
49
55
11
7
2
6
6
4
3
9
3
3
5
7
