6
7
8
9
7
5
3
3
2
3
18
16
39
9
2
26
2
25
6
3
1
5
25
3
1
1
3
52
8
25
22
3
5
7
5
3
6
3
14
48
20
9
10
3
2
7
12
1
2
1
10
4
91
2
2
11
2
9
3
2
12
26
11
3
2
4
2
5
2
5
6
29
2
25
7
4
1
2
6
7
43
3
3
2
3
8
6
1
1
6
23
2
3
7
5
8
2
1
2
12
18
18
2
8
1
6
3
5
5
3
1
2
13
8
3
3
5
6
10
6
3
3
4
2
10
48
1
1
3
4
2
2
5
4
9
1
24
5
8
9
6
8
5
13
13
12
8
65
3
6
9
4
6
3
6
2
13
18
5
4
1
4
10
24
3
9
4
3
4
54
9
4
3
3
18
28
7
1
3
3
2
31
7
1
12
20
5
7
1
3
4
3
7
6
12
5
1
4
24
2
2
3
4
1
12
66
1
2
12
5
10
40
9
4
2
2
5
2
1
32
2
8
3
78
1
1
4
6
93
2
5
11
72
2
4
10
52
12
2
2
3
3
5
78
3
12
2
7
1
3
1
12
6
8
3
5
8
1
3
2
10
2
8
8
1
53
16
6
1
5
7
2
1
8
77
5
3
3
3
6
8
2
12
2
8
5
0
12
