11
9
2
9
0
10
14
3
23
3
4
3
43
9
12
1
11
23
4
6
6
7
2
9
24
4
1
2
1
2
52
1
1
6
6
3
8
3
34
1
4
7
2
9
15
8
0
3
51
14
17
2
3
12
2
0
9
11
3
1
11
4
4
8
1
11
12
2
3
5
0
2
1
1
8
3
3
2
9
3
4
3
3
3
1
1
9
29
8
3
1
6
1
8
2
7
3
10
3
4
1
18
6
2
13
2
8
13
4
1
3
2
8
3
2
7
2
4
3
21
6
3
0
13
6
4
7
7
4
4
7
5
3
5
24
3
2
1
6
1
7
3
3
3
13
3
33
2
4
13
3
3
5
4
1
3
6
6
10
0
23
7
2
3
7
5
9
11
2
10
2
23
4
2
5
3
14
4
5
1
7
2
3
17
2
0
9
2
2
1
5
5
7
2
2
4
3
10
6
54
5
3
1
3
3
1
25
3
7
3
0
10
5
1
2
92
8
7
3
5
5
8
1
8
2
14
6
1
3
0
17
1
5
0
5
7
15
6
8
12
6
27
89
5
18
4
81
3
1
2
7
12
6
2
2
8
11
27
3
3
1
9
1
67
1
55
54
7
0
8
1
26
2
2
3
1
13
5
3
7
72
5
3
3
11
3
7
9
