2
2
10
6
2
9
6
5
12
11
1
2
12
4
14
2
9
2
4
3
5
3
3
2
1
8
0
1
8
16
3
2
6
7
3
3
2
2
28
2
3
12
1
6
0
1
4
11
2
5
2
3
7
14
4
6
6
7
3
12
7
8
10
12
11
1
0
3
48
4
12
2
53
3
11
1
10
12
4
6
0
22
83
7
10
3
12
3
15
3
7
9
13
14
4
12
2
6
10
28
2
3
2
2
8
4
76
4
5
4
2
7
6
6
6
4
2
12
83
2
6
7
7
6
3
6
6
25
2
11
1
8
4
6
3
12
6
63
2
0
9
12
3
9
6
5
4
7
4
2
4
17
7
4
2
2
25
8
45
2
6
8
2
5
7
2
13
2
7
64
8
1
11
2
1
1
12
11
3
5
22
4
15
32
9
4
25
1
21
16
2
1
5
2
7
6
14
22
4
1
4
8
2
12
7
15
6
11
3
7
6
32
1
17
2
10
14
5
1
2
1
18
5
6
7
5
3
78
12
18
30
2
24
5
11
11
4
89
2
15
10
49
3
9
2
6
1
1
1
1
11
20
6
4
6
6
12
23
2
7
1
14
5
2
14
10
36
2
11
2
1
5
4
3
10
1
5
5
1
1
5
2
12
9
1
6
9
8
