13
2
14
27
1
7
9
4
12
7
11
43
11
8
2
8
70
2
6
2
7
12
46
2
0
17
4
60
7
13
6
9
11
44
13
2
5
10
7
26
2
16
7
17
15
26
5
11
10
7
3
19
3
2
5
2
3
2
7
81
12
2
4
14
1
7
44
2
2
1
6
6
2
3
23
2
3
11
2
4
9
4
3
7
7
4
7
3
5
1
13
1
1
6
2
8
2
2
52
2
5
5
3
2
11
11
2
1
3
1
11
12
64
10
3
2
6
3
4
11
10
1
9
12
10
15
1
3
2
6
5
5
12
4
2
6
2
10
2
1
3
10
4
5
8
8
6
5
12
54
2
0
20
16
5
7
1
9
5
1
33
59
45
6
53
20
7
23
4
11
4
2
8
29
1
1
1
5
2
5
3
17
0
6
5
3
11
52
6
1
41
7
3
6
5
1
10
4
1
1
5
6
6
1
1
3
3
18
2
1
8
2
2
3
2
2
2
4
6
4
3
1
2
4
6
10
2
9
12
2
1
2
1
4
30
7
2
3
4
90
0
5
8
4
6
4
2
8
1
31
2
5
0
12
10
31
9
3
1
11
1
12
3
17
1
3
5
7
7
2
2
2
1
13
7
25
5
8
3
5
23
5
2
9
2
1
4
7
