6
23
7
8
11
9
9
62
2
9
11
7
5
2
4
4
2
12
6
2
9
4
1
12
4
13
3
5
8
2
1
8
7
2
4
10
3
10
8
4
2
8
6
4
12
1
0
7
12
13
0
4
8
2
6
2
3
2
3
4
28
5
0
0
8
11
5
1
9
15
12
15
2
54
11
66
7
8
11
2
3
2
2
12
10
3
2
8
11
11
4
2
14
3
2
8
15
79
3
26
3
3
9
1
1
4
14
12
9
3
1
4
6
5
7
5
0
18
0
19
2
4
5
10
1
1
8
3
2
2
5
19
6
5
1
5
9
3
10
1
56
4
4
1
4
10
5
5
1
5
35
13
7
5
2
3
2
45
1
9
5
6
2
1
2
8
5
40
9
9
5
2
11
2
3
4
4
13
12
5
13
3
3
13
1
2
2
18
3
0
5
1
2
19
46
2
1
6
5
6
5
3
12
64
3
17
2
3
5
7
10
2
6
10
1
4
6
10
6
14
4
22
23
2
15
4
1
91
0
3
4
6
2
5
2
8
12
12
59
14
10
5
3
9
3
1
4
7
8
2
8
5
2
6
4
18
95
1
4
1
2
1
7
1
2
0
1
4
11
1
2
2
26
14
3
14
2
2
1
4
15
7
10
9
16
8
3
2
