9
98
5
5
6
1
98
6
12
16
3
9
69
5
11
10
0
3
9
7
9
14
95
3
58
4
13
10
6
3
11
4
7
1
1
59
18
37
61
9
19
11
6
6
2
4
7
2
7
3
6
34
6
13
8
14
13
0
3
7
5
9
5
3
7
5
8
4
3
12
33
2
12
8
12
5
1
7
6
8
24
4
0
1
5
10
17
2
1
4
5
3
34
10
41
2
1
1
7
0
6
5
3
2
11
2
10
1
5
18
1
3
6
1
3
4
12
5
1
9
1
4
6
52
2
12
39
4
15
3
11
1
12
11
14
0
3
6
7
3
1
6
3
6
6
11
28
4
4
2
12
3
4
7
6
2
3
5
5
30
2
13
16
43
8
4
9
5
89
5
22
98
4
4
98
6
9
1
3
15
3
12
5
7
8
14
2
10
2
5
65
30
0
13
2
2
4
12
3
15
5
22
6
10
9
2
1
7
1
2
51
4
0
18
3
9
3
11
2
4
3
7
8
2
58
2
6
2
2
27
48
19
1
8
27
3
17
37
4
2
4
0
1
11
3
3
5
11
51
1
9
12
5
39
8
2
1
16
42
6
7
1
1
6
9
3
4
80
1
13
3
32
15
5
4
5
41
2
5
2
4
27
12
4
25
3
5
3
