2
2
3
9
4
30
6
12
8
3
1
4
4
5
11
9
6
38
2
0
3
8
12
11
6
2
23
40
7
2
6
6
16
6
6
12
5
6
3
4
17
35
2
17
2
6
11
5
3
7
2
2
3
7
1
4
1
2
2
11
2
11
21
9
1
14
3
4
42
58
16
64
8
31
2
5
35
6
7
5
6
2
7
4
2
11
11
10
3
13
3
5
19
3
6
7
8
4
9
5
1
14
8
12
3
10
3
0
6
4
4
9
4
11
9
2
19
3
6
3
1
6
5
4
2
6
1
6
11
1
5
3
6
3
5
1
4
3
11
1
9
15
58
2
12
1
65
16
3
2
4
11
7
5
7
5
2
7
12
45
7
8
4
22
5
4
2
12
57
2
3
3
2
7
53
8
22
48
13
53
3
2
1
3
11
3
6
12
6
1
44
5
4
4
9
0
14
71
5
3
1
12
2
5
8
3
3
12
2
24
3
10
35
3
3
87
16
21
31
15
0
9
6
2
6
8
3
29
12
2
44
3
1
77
64
2
7
6
1
24
9
5
6
7
7
28
3
7
6
1
11
6
3
3
8
2
5
8
11
10
10
4
5
5
44
1
3
1
60
3
1
7
5
4
2
9
2
3
11
8
1
2
6
55
3
14
3
1
