10
30
6
6
1
3
14
1
65
9
2
7
5
13
8
8
5
3
8
14
1
2
1
4
3
3
3
3
1
1
6
11
3
1
2
4
47
1
2
2
40
1
6
4
5
1
5
18
1
8
6
3
12
6
14
4
29
53
3
7
5
11
10
6
4
7
4
2
10
2
13
17
1
5
6
5
5
5
5
2
6
16
3
0
9
37
0
48
1
25
44
1
1
4
12
4
4
3
6
9
0
4
2
6
13
3
1
17
4
1
1
4
0
4
11
8
1
1
19
5
2
15
1
4
25
3
37
1
2
12
2
1
25
53
7
57
43
6
1
11
9
2
1
5
9
0
4
5
1
19
3
9
2
7
24
15
4
10
2
31
6
3
3
3
1
4
5
4
3
2
5
1
19
1
7
44
2
5
4
55
3
85
38
5
95
2
6
89
98
12
22
1
1
8
3
1
2
1
2
60
16
23
4
8
17
6
6
80
9
1
5
2
1
1
3
7
20
3
2
2
2
18
6
2
7
6
18
8
2
2
47
42
7
4
53
2
3
3
5
20
36
12
2
4
5
2
4
2
1
5
5
38
12
6
2
4
2
5
6
13
37
36
6
35
3
2
87
4
0
10
7
2
8
4
2
10
1
3
0
50
16
5
5
3
6
7
4
8
