5
13
5
11
4
7
7
2
2
2
2
1
4
0
5
0
7
3
2
3
2
14
4
9
2
10
9
2
3
4
4
4
13
3
8
19
5
4
3
5
2
1
6
1
1
3
1
28
10
5
6
11
2
6
3
13
4
5
18
4
5
5
0
14
2
6
1
11
4
8
6
1
4
4
11
7
1
49
2
0
22
4
1
3
1
3
3
17
7
5
5
4
11
8
12
9
4
17
1
14
5
13
3
95
5
4
19
6
6
9
8
1
2
3
4
2
1
8
10
7
4
1
1
7
6
1
10
4
6
1
3
1
8
10
6
4
27
4
1
14
47
19
11
12
6
2
24
2
3
6
4
6
6
4
12
1
5
7
13
5
5
2
21
2
1
6
9
8
59
6
2
15
2
53
2
1
2
96
24
7
1
1
2
2
4
2
3
0
16
4
20
1
20
1
23
15
2
33
10
94
23
2
8
2
3
12
85
27
0
6
0
16
28
7
3
63
9
1
3
4
88
19
3
6
22
4
39
2
5
7
0
3
3
6
4
3
2
4
2
2
3
6
2
2
7
3
4
4
11
7
4
13
8
1
10
5
5
1
10
2
16
2
10
2
4
7
3
28
9
1
5
6
2
3
4
2
9
1
19
1
3
2
2
35
13
3
1
16
