13
7
0
1
44
3
6
7
11
4
24
1
12
5
7
23
1
22
2
10
3
7
20
24
18
7
8
3
8
4
13
7
15
54
13
3
10
3
5
11
6
14
1
3
56
4
8
8
3
3
1
2
2
29
4
15
4
2
6
78
11
3
26
4
4
20
31
14
3
3
6
42
1
10
88
30
9
4
2
1
3
3
2
3
13
5
2
3
13
1
2
5
7
11
1
19
7
12
5
15
6
4
11
4
3
8
1
14
6
6
4
3
2
9
6
1
14
54
8
8
4
10
1
6
13
6
5
5
9
2
2
5
6
6
4
4
6
7
4
9
4
14
58
39
23
2
5
10
6
5
39
6
7
5
36
6
8
6
54
0
44
3
11
35
14
8
3
27
9
23
34
6
14
9
6
50
10
3
11
8
27
3
2
1
35
4
12
8
1
5
3
12
13
2
4
17
39
3
13
4
37
90
20
1
4
5
2
19
7
52
96
9
3
2
21
3
2
7
3
15
11
6
7
2
3
5
5
1
5
7
6
12
6
5
3
42
5
32
53
3
8
40
4
99
5
3
1
4
11
4
5
8
4
14
13
1
1
6
4
3
60
1
11
11
9
2
1
4
5
9
4
3
2
1
3
31
1
5
5
3
2
7
2
6
8
23
7
2
