3
15
6
23
4
2
11
7
4
1
11
16
10
4
2
43
6
26
3
0
3
1
5
3
7
21
4
1
1
21
11
6
6
1
42
8
10
6
63
4
8
37
2
4
26
1
5
10
4
26
3
7
3
3
3
6
5
18
53
1
38
2
1
3
1
3
1
4
2
2
27
1
63
21
67
2
13
8
3
42
7
4
5
1
15
86
2
7
7
6
1
88
31
6
7
2
7
22
43
1
1
12
6
23
6
2
3
12
1
2
1
2
11
5
14
7
12
91
5
13
4
7
1
10
15
7
1
3
11
22
2
13
6
2
4
2
97
5
8
7
5
4
6
9
6
4
11
4
7
1
11
39
10
6
7
6
53
3
15
9
13
21
10
23
0
2
7
13
4
41
53
1
5
4
15
2
3
4
3
7
48
53
2
6
5
0
1
3
9
2
6
2
8
23
18
36
4
2
3
5
8
3
3
0
75
6
10
3
65
96
40
3
2
0
1
6
8
60
3
1
0
11
11
52
3
2
8
1
4
92
1
2
4
5
1
2
2
1
14
2
17
7
5
2
5
21
3
7
3
11
1
1
8
3
4
18
6
12
8
12
5
13
2
7
12
1
5
4
3
9
27
3
1
12
3
6
1
14
8
0
8
9
3
0
11
1
2
8
