10
6
12
2
2
50
17
64
54
3
3
13
3
3
20
3
3
2
98
7
6
9
11
12
2
2
28
24
2
8
10
2
2
7
0
11
3
7
18
7
16
4
57
0
11
43
13
32
5
9
4
10
25
2
49
3
9
8
8
11
2
60
2
10
46
2
7
5
6
27
1
47
22
7
5
9
1
1
1
1
4
1
1
8
13
4
10
1
11
92
5
5
5
0
21
6
12
5
1
8
16
3
5
9
2
3
6
59
5
13
13
3
6
5
5
5
5
14
5
2
4
1
1
48
8
3
5
47
1
7
68
15
1
15
13
7
1
13
19
15
1
3
6
9
11
13
8
3
3
4
4
6
4
29
5
27
9
12
4
5
5
5
4
53
3
28
10
6
4
2
4
7
38
27
8
13
13
11
5
9
5
24
4
8
1
2
11
24
11
14
3
6
32
8
3
2
6
5
1
7
4
4
8
11
13
13
2
0
7
1
3
21
52
6
3
32
6
2
4
8
6
65
7
5
3
5
2
3
2
3
4
9
21
2
52
3
8
4
3
63
46
16
4
2
1
2
5
1
8
3
1
7
3
1
1
8
6
10
2
12
6
2
1
9
5
11
2
1
6
6
7
5
40
9
6
6
6
14
3
4
2
2
11
1
3
1
2
14
