85
3
6
1
3
7
2
6
4
13
23
17
4
3
4
5
1
9
25
4
1
4
10
10
3
2
9
3
5
2
4
3
6
2
19
1
1
2
10
4
14
20
3
32
3
2
16
7
10
5
12
6
6
2
2
2
19
19
17
1
12
14
1
7
5
5
12
7
2
6
2
5
1
3
6
3
0
1
2
11
1
1
1
4
5
14
54
5
1
7
4
2
1
4
3
48
7
8
18
2
2
7
3
3
12
3
1
4
10
8
6
6
6
90
0
5
29
8
5
3
13
5
5
15
9
2
19
8
13
9
4
10
3
6
2
3
3
8
6
6
4
8
3
3
6
13
3
1
1
0
4
5
7
1
1
3
3
6
2
3
12
2
1
1
31
2
1
9
3
3
1
1
2
6
8
24
9
8
8
1
10
3
10
61
7
8
10
6
2
3
41
16
1
2
6
1
6
65
6
13
6
42
5
6
2
5
64
1
12
15
52
3
7
14
2
5
2
1
5
13
5
3
11
7
53
8
6
4
3
14
8
2
85
7
5
1
4
2
8
7
5
7
3
3
6
47
23
3
6
2
75
3
2
4
1
2
3
5
3
6
11
4
8
3
16
12
7
11
9
5
11
15
7
3
6
3
8
12
8
13
98
44
9
4
5
3
7
0
