6
8
13
4
3
1
6
3
2
6
5
4
18
6
5
6
4
1
10
1
1
1
3
6
1
4
7
6
5
0
18
3
1
22
6
5
2
13
1
5
16
5
12
3
1
5
47
12
5
43
11
2
42
3
7
10
28
10
5
3
7
8
8
4
1
17
3
5
18
12
10
4
1
0
5
17
21
3
13
12
12
3
7
1
3
44
4
5
4
1
13
1
10
5
36
1
1
2
31
8
4
5
3
3
3
68
0
7
7
2
2
66
5
11
3
7
59
5
13
7
36
2
3
7
9
12
3
2
12
17
9
56
12
4
17
4
9
20
98
38
1
13
3
11
13
10
2
53
2
6
3
1
8
5
1
45
3
0
3
14
5
10
3
2
2
2
12
7
1
14
1
7
6
11
8
7
1
33
2
7
10
14
21
1
1
21
1
8
10
2
20
0
2
18
3
7
2
19
43
12
2
0
0
2
5
2
8
5
14
1
2
15
5
4
5
8
2
2
18
4
37
2
2
5
5
7
37
7
20
5
2
3
1
5
2
7
1
2
2
1
2
5
10
2
1
10
6
15
8
12
51
6
2
5
3
10
1
2
7
0
4
3
42
2
3
8
3
6
5
3
4
7
1
18
9
9
9
2
6
11
23
3
5
14
4
4
5
0
