8
9
21
8
1
4
1
29
10
2
5
12
3
18
3
12
3
4
8
5
19
4
3
46
7
11
14
6
40
37
8
38
4
2
14
12
8
7
38
2
1
24
3
10
8
1
3
7
1
6
2
1
11
4
12
14
9
1
2
3
6
21
27
2
3
2
18
21
1
3
9
3
1
7
7
5
77
18
2
5
2
5
2
5
12
3
8
1
6
53
6
3
2
5
2
12
5
11
3
5
83
4
46
2
5
4
9
7
1
2
1
5
3
6
9
12
13
2
1
4
5
7
6
1
4
3
1
19
12
3
1
6
1
7
3
6
1
4
2
94
3
13
55
7
4
6
14
1
2
6
4
14
3
48
3
3
3
2
5
12
5
5
9
12
6
35
4
11
14
25
4
25
8
2
9
4
7
8
5
23
1
5
35
2
11
39
36
2
54
11
4
29
2
5
47
5
37
3
3
6
5
1
2
0
4
4
33
2
4
6
1
0
5
0
9
3
2
5
17
13
1
2
3
1
4
28
1
6
10
7
8
9
0
82
2
62
6
21
9
6
3
0
6
7
4
9
3
32
27
8
1
29
1
11
11
9
12
2
2
1
7
24
42
5
9
2
5
6
5
52
1
4
12
4
23
3
6
3
14
4
1
2
9
5
7
3
1
9
