7
3
11
13
4
5
5
1
2
4
1
2
4
1
9
2
1
6
8
11
8
3
5
3
13
5
1
5
3
2
0
8
3
17
3
5
12
2
1
2
2
1
3
5
5
2
8
7
1
27
1
5
1
3
4
14
5
2
4
3
0
3
6
13
13
2
5
19
2
1
10
3
6
7
10
3
1
2
6
2
5
6
2
96
6
6
4
7
7
12
7
6
4
9
2
1
3
0
4
6
4
7
14
10
2
12
1
1
1
83
1
3
1
4
5
46
2
7
4
6
28
2
6
5
6
4
7
10
1
2
4
3
4
6
6
5
5
2
3
2
1
10
6
10
8
7
6
6
2
2
13
6
24
59
2
3
3
6
4
9
3
60
15
15
7
1
2
2
1
1
6
3
2
0
4
5
17
3
14
3
1
2
7
2
1
3
1
2
3
2
5
39
2
1
5
1
2
68
6
6
6
1
4
3
5
14
45
2
5
3
5
3
3
55
38
65
40
2
65
1
1
5
9
5
2
3
9
6
35
15
5
1
5
2
1
7
4
2
5
2
14
43
6
1
33
3
3
2
9
3
3
2
10
17
3
7
35
5
4
1
3
11
6
2
11
12
6
1
20
11
17
7
11
16
7
3
3
11
6
7
16
0
6
1
3
15
54
12
