3
5
12
1
1
18
4
9
1
1
2
2
2
3
23
12
6
7
1
12
31
4
2
4
2
8
5
12
1
1
5
3
6
10
4
67
2
3
1
0
1
4
2
1
0
9
1
15
7
5
5
2
0
12
53
50
76
2
2
3
7
0
10
1
97
5
6
8
6
12
2
3
2
3
6
2
14
2
11
14
6
6
10
60
5
3
12
6
21
6
2
7
8
8
6
1
1
5
4
1
2
15
2
3
16
19
5
9
1
0
16
20
19
2
1
19
6
9
2
9
10
14
2
3
5
4
9
2
3
2
19
3
3
3
3
10
11
5
4
4
9
13
15
1
4
12
1
5
5
1
1
12
48
2
20
12
5
13
2
9
2
7
3
1
16
10
1
2
15
3
3
6
5
7
17
18
13
1
1
3
15
1
4
7
31
3
6
1
9
3
28
5
9
2
14
5
0
16
8
16
12
13
5
3
4
15
7
11
2
3
7
6
12
8
4
2
4
4
9
1
5
5
5
5
3
17
6
7
7
4
14
6
16
29
6
15
89
14
10
13
6
7
19
5
56
3
10
2
4
28
3
2
2
7
3
97
18
9
2
3
8
3
8
6
26
14
7
1
2
2
3
4
3
10
45
7
12
6
4
3
5
5
6
11
1
4
8
9
