5
6
1
24
1
15
13
3
1
1
7
13
29
7
4
6
2
63
8
55
2
0
4
15
9
5
6
1
2
10
7
3
9
3
6
0
7
11
39
10
3
1
7
4
5
8
12
7
6
45
4
8
6
2
6
56
8
90
7
9
3
4
2
3
2
94
7
2
29
89
6
8
20
6
2
2
10
1
11
6
4
1
6
6
17
23
2
6
88
1
6
3
4
1
4
3
3
2
12
6
5
94
2
49
9
1
6
3
10
1
6
9
1
3
1
17
15
11
3
1
1
6
11
6
7
11
1
5
6
2
6
1
4
4
5
2
33
7
3
7
9
10
8
8
3
13
12
10
5
11
25
9
40
14
1
7
16
5
3
6
1
9
6
9
63
4
5
5
1
4
24
8
2
2
7
2
6
99
3
12
3
4
5
3
3
24
10
7
1
1
2
10
54
9
2
77
2
11
5
9
3
56
5
4
2
1
9
25
5
36
33
2
3
2
3
10
7
14
5
4
2
17
5
3
6
25
2
3
26
5
6
4
4
3
1
10
7
2
5
3
4
83
1
6
81
1
2
11
5
4
3
31
1
3
4
46
30
6
7
10
6
3
7
12
18
30
2
1
1
13
5
11
10
2
7
1
6
1
1
6
7
7
8
3
66
2
25
0
