7
16
7
3
4
22
12
1
4
12
6
6
2
6
10
2
7
2
6
5
6
3
9
12
3
1
8
2
2
17
5
2
7
12
8
9
78
1
2
2
6
1
5
2
1
6
13
11
2
21
18
54
2
6
52
1
6
7
23
10
53
0
8
27
2
2
4
7
2
1
10
8
11
2
2
2
2
3
15
3
2
2
8
2
14
1
3
13
1
9
1
3
8
1
3
1
1
8
12
10
3
1
2
2
1
6
1
7
6
9
20
2
2
7
2
15
2
1
2
8
3
17
3
6
12
23
5
29
3
2
7
8
0
1
6
2
3
7
3
2
1
14
0
1
1
4
17
16
5
3
2
1
30
7
5
11
5
5
1
1
18
7
3
13
10
2
12
5
1
5
5
32
11
0
5
4
30
1
2
5
1
4
9
4
1
8
5
2
6
16
5
6
39
13
8
10
12
6
6
3
17
60
2
0
98
98
6
4
1
7
2
6
5
5
7
0
1
9
2
7
9
15
0
6
1
7
1
1
16
6
1
4
12
97
14
2
4
7
5
9
92
5
5
7
25
13
1
3
2
6
2
7
2
6
3
5
2
2
1
2
3
48
15
3
8
2
7
2
16
1
23
2
5
5
2
6
6
21
3
14
1
6
18
1
2
5
1
8
