22
30
9
13
6
97
12
4
44
7
5
6
10
10
41
5
11
1
1
9
0
7
3
13
7
16
7
8
7
12
13
3
20
2
7
2
11
1
6
2
5
4
5
11
10
1
12
1
11
2
20
6
4
5
1
1
6
10
3
32
24
4
50
5
0
2
6
5
21
2
3
4
20
3
6
12
6
8
6
6
4
20
82
7
9
6
9
80
6
3
5
8
1
5
5
6
3
2
4
10
1
9
11
3
6
6
1
4
4
3
2
1
9
8
8
5
40
8
1
5
11
3
15
9
3
1
3
12
2
6
62
2
2
2
71
5
4
13
1
1
1
8
6
9
48
15
14
8
12
3
9
7
4
27
23
27
19
2
4
2
4
40
2
11
15
6
2
1
0
5
4
11
4
5
1
4
5
57
7
4
4
9
17
6
28
8
1
6
7
16
6
3
6
3
8
1
2
6
8
5
2
90
7
14
60
4
4
3
3
61
1
9
3
84
11
6
2
1
10
6
11
2
6
0
4
2
17
21
25
0
26
3
27
2
8
9
8
5
4
6
12
7
2
17
2
4
1
4
1
1
8
1
3
4
3
14
8
10
2
7
7
16
4
11
13
1
7
11
1
1
3
7
2
3
59
7
4
6
1
2
6
3
2
31
6
3
2
2
