5
11
4
2
8
1
2
1
3
1
4
2
1
4
2
4
12
2
3
4
16
1
4
9
5
0
0
11
1
8
4
6
5
0
1
5
41
0
12
1
19
12
8
5
3
7
4
5
23
17
4
8
10
3
11
11
6
15
29
6
1
2
52
12
11
27
2
9
7
3
2
4
3
5
10
5
18
10
3
2
3
23
96
21
6
3
7
9
50
1
4
10
2
7
6
5
3
2
3
7
9
44
6
4
14
6
88
4
78
8
0
0
6
6
6
2
4
7
6
3
1
87
14
3
5
3
0
6
10
9
12
5
8
0
48
6
2
1
6
6
5
4
76
6
23
3
4
10
98
3
0
8
1
4
17
31
7
2
11
0
8
0
1
5
17
25
6
2
23
2
2
5
5
5
1
2
8
2
17
2
28
0
11
6
4
1
1
3
6
1
7
1
5
3
2
5
0
18
0
9
21
3
1
2
3
4
40
1
5
1
8
33
8
5
26
14
2
3
3
5
3
8
6
5
6
16
50
7
19
0
2
43
6
3
21
3
8
25
64
5
7
82
2
1
1
6
5
1
16
2
5
17
3
1
4
6
20
2
4
6
9
6
5
30
3
6
6
5
5
2
5
7
16
10
5
10
8
10
6
0
6
97
13
6
8
4
3
5
