4
3
4
1
5
3
48
5
66
4
6
2
4
1
2
3
21
44
5
3
6
1
7
5
26
3
4
3
7
12
4
8
10
14
4
41
9
3
7
2
2
9
67
87
10
3
10
33
17
3
3
9
3
12
1
2
5
6
3
3
3
2
1
3
10
39
5
4
1
8
2
7
2
3
3
13
12
2
13
6
4
3
11
1
1
46
54
2
22
3
12
92
5
1
5
2
2
3
6
72
2
9
2
2
2
4
12
6
4
19
2
3
1
10
4
4
8
21
12
12
4
19
2
1
5
5
4
12
1
97
25
2
6
9
5
5
2
2
1
6
3
1
1
41
2
1
11
1
5
12
10
3
9
3
3
6
3
2
2
43
7
2
7
5
6
7
9
0
13
59
3
38
6
32
37
12
4
7
1
1
7
5
7
4
9
5
63
40
0
1
9
12
5
3
2
1
5
85
12
6
2
4
67
0
8
12
50
46
4
7
1
2
7
49
11
2
4
2
5
4
1
6
5
7
9
1
0
6
52
0
23
2
4
1
45
27
27
5
1
3
5
6
3
4
2
3
8
3
3
13
21
1
5
56
6
5
5
4
2
3
3
19
2
7
11
10
7
2
38
2
10
2
3
11
3
4
5
85
9
11
3
2
3
6
1
5
6
13
