5
12
5
23
12
3
3
7
17
3
7
6
37
4
4
2
2
1
6
4
57
2
7
16
11
25
5
1
1
16
1
52
0
4
6
6
56
3
1
19
1
9
5
4
8
16
6
2
8
2
6
4
4
2
19
6
28
8
4
2
21
3
2
6
7
10
3
22
8
35
51
3
2
2
1
5
3
13
1
19
48
0
3
70
9
8
2
1
4
4
8
22
55
9
8
8
7
13
6
2
0
2
3
1
96
9
1
13
2
5
1
8
12
5
3
2
6
1
5
5
6
4
11
11
2
4
3
3
4
4
3
13
6
4
3
6
6
1
1
2
16
44
7
1
1
1
1
10
12
5
5
2
3
16
14
5
24
6
2
2
3
26
4
21
6
1
5
1
5
6
5
7
8
17
18
18
2
13
6
14
5
3
5
1
10
5
8
7
19
22
1
0
2
12
21
7
5
1
14
6
6
1
3
77
2
2
2
5
97
2
2
2
1
10
8
5
5
1
3
47
15
7
64
5
1
5
5
3
1
1
6
56
4
3
6
2
1
2
59
98
3
16
1
1
7
20
3
1
5
3
9
14
8
5
7
1
3
16
3
2
5
7
10
1
2
2
0
2
1
12
8
5
1
2
3
3
54
9
6
92
7
8
14
13
1
59
5
13
