9
1
5
4
2
6
41
0
1
2
1
2
2
1
4
23
6
5
5
9
14
31
2
4
4
3
0
2
12
1
9
3
14
3
0
2
47
24
6
3
2
5
2
1
5
10
14
2
18
2
3
12
7
74
1
2
20
3
26
2
12
5
11
12
7
7
6
46
6
2
3
50
3
5
2
3
11
5
7
6
24
3
4
2
4
8
7
6
13
5
6
0
18
10
2
6
2
0
8
4
2
10
10
0
9
6
2
3
0
6
92
3
3
3
10
5
1
4
7
6
6
12
2
2
3
2
9
5
2
0
2
13
3
15
1
7
4
2
0
6
5
0
6
4
4
1
6
47
19
8
6
5
21
2
8
1
3
25
21
2
11
8
3
11
0
8
5
16
1
16
8
13
7
2
2
13
6
3
4
18
4
6
9
1
8
1
2
7
5
1
1
11
97
5
5
1
7
8
2
8
1
26
7
2
0
2
2
2
14
3
0
2
7
26
10
13
6
2
7
2
2
65
2
3
1
4
1
9
4
1
9
13
35
22
7
0
90
7
5
29
6
5
8
3
11
1
5
8
50
6
37
22
3
23
5
1
7
3
6
11
20
46
5
7
5
2
12
2
2
7
6
11
5
14
7
2
16
7
2
6
98
15
15
2
3
6
2
13
