2
22
43
6
2
24
8
7
5
11
1
8
25
30
8
11
3
1
6
11
2
10
7
12
8
14
2
6
6
6
46
5
40
2
6
3
6
4
7
1
1
3
1
39
2
6
10
20
3
18
9
2
40
9
3
3
3
3
42
12
7
1
20
7
5
1
8
10
3
3
6
43
4
10
2
5
10
4
3
87
31
4
2
1
3
2
53
2
5
26
2
7
5
1
7
1
15
1
5
5
4
15
46
1
2
3
1
2
3
6
8
1
12
9
4
15
10
14
5
6
5
1
1
10
6
1
5
6
4
4
22
14
2
2
8
4
1
6
14
10
26
2
4
5
96
83
73
9
24
2
17
54
7
2
11
12
2
21
1
32
7
31
40
44
31
0
39
6
33
2
11
2
4
11
13
4
32
12
14
2
12
3
5
3
2
8
2
69
11
44
54
9
6
21
36
5
54
17
2
2
50
2
14
3
3
5
8
3
4
7
3
8
11
2
3
12
1
1
2
60
5
28
2
11
29
2
2
1
2
2
27
0
1
5
6
6
0
2
5
5
7
6
2
6
2
1
5
4
2
1
7
14
45
3
2
3
6
4
3
1
6
37
1
2
5
5
10
2
4
21
5
9
5
11
1
17
8
8
1
6
2
1
57
7
2
31
2
2
