2
12
2
2
7
37
1
7
6
9
1
1
1
6
2
0
7
11
3
7
10
5
3
5
4
8
3
0
19
3
5
2
3
3
7
10
1
68
5
1
35
3
9
8
7
1
0
17
1
7
2
1
6
9
1
9
3
9
4
6
5
6
3
8
5
2
2
17
6
2
1
7
29
28
4
1
12
2
4
3
13
12
3
4
8
4
5
3
4
4
10
5
10
45
2
9
5
6
1
10
46
32
1
2
6
5
9
89
26
39
6
10
24
4
1
11
7
6
3
14
1
3
2
10
96
6
3
12
2
3
5
5
11
0
7
8
6
30
27
23
10
2
19
8
5
2
10
4
12
22
4
41
5
6
6
1
2
6
2
2
1
6
21
13
3
1
5
6
5
1
7
5
5
7
3
3
4
11
5
8
4
5
6
45
10
1
10
44
41
2
2
4
11
8
0
42
4
37
7
54
41
5
4
15
6
12
1
4
4
24
6
2
2
37
13
54
91
4
43
5
5
2
25
15
22
25
27
7
7
2
50
25
20
2
1
9
2
1
27
0
40
8
1
1
3
1
3
5
2
10
6
3
6
13
4
20
6
4
31
7
10
10
9
5
18
32
3
3
12
1
5
5
3
7
3
11
1
4
7
3
8
8
2
3
2
9
0
3
