3
3
4
5
5
1
72
2
2
5
7
3
8
8
4
5
8
1
1
91
4
9
5
2
15
11
1
9
1
6
4
3
1
3
3
3
3
11
10
16
26
2
42
7
10
4
5
12
91
2
9
11
14
1
10
3
5
4
44
97
5
7
9
10
1
1
1
6
1
3
6
27
96
11
3
29
1
3
3
13
6
8
11
9
13
3
3
6
9
2
54
23
11
1
12
2
23
3
1
1
22
16
2
0
52
9
3
48
1
7
1
6
4
7
25
25
5
2
1
2
12
11
4
97
13
6
5
4
10
13
7
25
4
4
1
5
26
6
11
1
9
6
12
98
1
1
7
1
1
3
1
4
2
7
2
5
3
27
3
6
4
43
5
17
6
4
6
1
10
10
3
5
20
51
6
32
10
24
5
7
2
4
3
7
1
2
2
3
18
13
4
2
6
10
23
6
3
6
2
1
77
2
2
1
9
6
4
11
7
1
2
6
2
11
15
7
57
8
5
3
2
2
2
3
2
2
13
2
1
3
2
0
1
7
8
5
8
11
3
46
6
1
5
3
6
5
6
3
5
13
4
1
17
1
5
15
5
18
6
15
7
61
1
3
4
27
5
1
3
18
7
2
7
27
3
12
4
2
7
1
5
5
2
1
5
26
8
27
