3
3
7
19
10
11
9
3
4
55
66
8
12
1
7
3
16
50
1
40
26
9
1
7
4
5
2
11
3
6
2
3
14
1
2
7
1
7
12
13
4
2
10
14
5
13
1
9
4
6
22
10
4
4
3
1
38
3
12
6
11
3
11
8
90
5
11
2
11
27
2
7
2
5
3
5
6
13
4
1
8
3
8
12
2
4
22
4
2
42
16
2
31
1
2
13
5
2
9
7
1
7
11
6
1
10
4
5
50
1
4
8
13
5
5
4
4
4
6
14
15
2
3
8
55
6
6
2
4
17
6
2
6
2
4
44
12
6
4
1
12
1
2
6
1
13
2
4
3
12
19
2
17
3
12
32
6
9
3
5
59
8
5
8
7
19
23
37
7
1
4
15
6
6
6
5
10
13
10
17
37
15
5
0
8
0
5
34
3
8
4
53
1
15
5
8
3
4
1
7
2
12
4
1
4
0
19
4
3
2
5
10
3
2
21
11
17
96
2
2
11
98
84
3
9
3
0
3
1
0
78
8
2
2
12
1
4
3
6
8
5
10
27
3
3
97
7
3
7
9
38
5
1
24
5
42
2
3
2
11
31
12
17
8
1
4
5
1
10
35
18
3
3
1
2
46
3
2
4
1
2
29
2
5
2
4
8
4
