4
16
6
3
3
3
1
6
3
8
0
5
61
3
1
10
3
6
1
2
1
60
4
11
23
7
6
57
9
9
4
2
3
47
1
5
3
4
6
4
6
4
20
11
7
5
12
8
2
5
3
7
37
5
13
5
13
3
2
9
6
2
34
15
8
2
5
5
2
1
4
2
3
4
9
9
6
2
2
3
8
2
1
2
0
4
7
12
15
0
6
42
5
1
12
19
4
1
1
0
2
3
5
3
3
52
4
15
5
5
6
1
2
2
4
8
6
17
1
1
11
3
6
3
1
13
6
18
1
1
5
3
33
4
55
4
3
4
5
0
12
3
4
18
1
3
34
7
1
35
5
8
3
3
10
4
1
11
2
3
8
31
45
18
1
6
11
11
46
6
22
42
4
16
2
32
98
5
14
5
4
10
1
3
3
4
5
11
5
11
7
36
2
7
16
23
1
2
5
3
27
5
6
5
1
87
9
14
20
10
2
51
11
10
79
52
4
7
11
19
3
52
1
12
13
6
6
35
5
1
2
14
1
1
7
16
6
4
6
37
5
5
4
9
6
27
0
10
3
3
55
5
2
48
6
5
6
11
5
5
5
14
7
1
18
2
19
5
4
2
3
7
12
5
12
8
4
1
5
6
5
9
28
1
4
1
5
17
