10
54
0
6
1
3
5
16
11
14
1
4
4
3
2
24
0
13
2
5
7
7
10
2
6
6
2
17
61
8
7
9
8
4
6
4
16
2
11
12
7
8
12
7
5
8
6
49
8
9
5
3
2
10
6
2
2
16
4
94
5
8
6
5
7
7
2
1
2
2
3
3
1
3
12
4
4
3
2
8
13
5
9
7
3
1
5
1
10
2
9
5
3
2
5
1
9
19
3
6
2
5
5
6
4
5
4
8
6
1
9
14
9
5
19
12
1
14
7
4
3
4
1
3
48
7
5
1
7
6
6
7
3
4
15
5
8
27
7
1
5
78
13
94
2
7
2
6
3
11
4
4
1
8
3
4
7
36
6
59
3
28
54
1
2
6
8
7
1
4
5
4
27
6
4
33
3
5
6
1
3
3
24
57
6
50
1
2
2
3
17
5
39
3
44
4
10
2
2
44
8
6
95
17
1
4
2
13
0
1
1
37
7
1
10
6
98
6
0
3
20
6
8
2
1
12
9
32
2
1
7
2
6
6
3
5
42
2
5
5
0
3
4
16
6
12
11
2
8
10
2
31
5
11
1
9
1
7
2
4
2
3
33
7
5
10
2
3
0
3
7
25
3
9
44
13
4
7
5
5
4
2
7
6
7
6
1
6
