9
6
10
11
3
1
2
12
6
2
2
2
4
4
14
2
2
4
9
11
6
49
8
9
24
3
12
11
2
5
6
21
5
3
14
3
2
20
8
6
1
45
3
3
3
0
5
4
0
5
2
2
84
5
16
2
1
19
3
7
53
13
97
4
7
8
3
1
6
14
7
7
2
19
8
15
22
22
3
3
2
1
6
4
4
14
2
1
5
3
6
8
2
2
2
8
1
21
8
44
10
6
5
5
87
13
3
8
4
48
3
6
4
4
5
4
10
5
18
10
11
4
40
7
4
4
3
2
4
2
8
2
8
3
4
96
6
13
10
13
4
4
1
4
10
18
14
15
3
8
9
3
14
3
1
7
3
3
11
5
2
5
7
3
7
1
3
12
5
23
4
10
3
2
12
4
45
2
8
12
11
8
7
38
3
7
7
5
10
2
8
7
3
1
1
2
3
12
5
3
3
11
3
4
12
3
9
21
19
4
6
5
6
6
4
6
11
6
3
4
4
6
29
5
1
6
8
7
6
5
34
10
3
30
3
1
4
7
57
8
8
37
3
17
1
6
1
9
5
3
2
1
13
2
5
31
1
12
2
3
2
30
2
43
5
9
2
5
3
11
2
6
1
13
7
5
2
3
2
8
31
12
3
9
3
2
21
95
