4
1
36
2
3
2
9
4
2
19
4
9
3
29
6
5
2
2
2
1
18
7
21
50
2
6
3
18
2
5
5
2
1
12
1
7
11
9
4
9
7
20
29
26
5
4
5
10
9
10
27
5
4
12
6
88
3
2
7
1
1
2
8
2
0
3
10
1
2
3
11
5
4
7
11
2
13
2
15
3
3
1
2
3
3
48
1
6
8
0
1
2
5
5
8
53
1
3
14
42
3
5
3
4
37
5
31
2
4
1
7
7
3
3
4
2
10
3
2
1
9
6
3
4
4
6
7
39
10
14
9
25
1
9
3
11
5
5
8
8
11
6
5
6
12
3
96
13
2
17
3
1
2
7
1
7
17
13
26
18
4
2
5
7
1
10
5
11
2
2
37
13
4
7
3
3
2
0
2
2
2
16
6
1
1
8
5
2
5
8
3
2
2
8
15
16
49
13
6
5
2
92
1
3
5
2
11
7
42
7
0
97
2
10
1
18
5
0
0
4
34
5
8
3
13
5
2
4
2
15
6
0
7
44
7
6
3
0
3
13
5
0
7
30
2
57
2
1
4
2
0
5
1
8
1
10
3
16
2
7
10
2
7
1
1
2
10
1
3
5
7
2
20
2
3
0
7
8
8
12
11
15
3
2
4
65
6
19
