8
3
3
4
14
6
1
10
12
15
10
76
44
13
6
2
2
6
4
44
6
5
8
9
1
5
19
99
10
6
4
7
60
1
7
3
3
8
11
2
42
1
3
50
3
11
14
11
6
92
6
9
10
0
11
10
13
9
1
16
1
19
9
17
3
19
3
49
3
6
1
3
39
97
27
6
3
4
5
4
40
6
3
5
82
3
1
3
5
3
8
0
91
9
6
4
6
4
12
1
1
5
15
2
12
4
14
5
3
3
2
3
46
4
5
42
12
60
1
7
4
9
10
6
8
10
3
1
11
1
1
8
52
2
4
8
12
5
2
26
13
8
7
3
5
5
21
1
11
1
9
7
1
7
9
3
6
46
5
7
8
5
0
2
1
16
6
4
6
4
5
3
7
45
4
6
5
3
5
3
1
25
4
6
3
1
6
1
3
3
3
3
2
7
5
4
13
21
14
4
10
14
2
12
10
10
5
3
2
9
2
15
8
10
47
15
10
3
12
1
27
1
2
1
2
2
3
22
3
1
30
5
2
6
2
6
19
10
8
1
16
21
96
20
1
5
8
31
9
38
3
1
4
10
8
6
7
13
2
3
18
5
6
8
13
30
1
0
3
14
2
6
22
3
9
3
0
1
3
6
3
1
13
5
3
5
30
0
