11
4
3
50
2
1
10
19
2
7
10
1
10
4
2
9
6
3
3
3
11
2
10
2
8
6
7
2
2
4
27
2
13
3
19
17
5
10
1
2
16
15
20
3
4
3
5
12
7
3
3
5
3
50
1
5
3
10
2
7
3
1
10
4
3
3
9
7
2
18
19
2
2
8
2
2
5
6
44
1
50
8
7
4
3
12
7
2
4
11
11
3
3
9
4
1
4
0
6
2
4
5
15
3
7
3
8
1
2
9
2
4
3
13
7
14
8
5
3
3
8
3
3
5
5
6
4
8
2
3
19
3
3
2
3
5
3
12
6
29
3
4
1
7
5
3
3
2
1
13
7
91
5
8
1
1
2
2
2
6
3
10
4
5
3
7
3
13
41
8
1
13
1
3
9
10
59
14
1
13
2
1
3
5
11
18
16
1
6
1
7
9
67
62
5
0
6
7
20
28
12
40
40
3
2
3
54
10
3
49
5
11
5
2
3
26
3
3
1
5
5
33
16
12
22
5
12
9
1
63
11
6
7
8
2
5
1
14
5
2
1
4
5
1
3
19
6
3
14
3
1
14
5
6
39
9
3
1
9
9
10
7
3
1
2
16
12
7
13
9
3
12
5
2
9
11
3
4
11
39
0
15
3
15
15
10
2
49
