5
6
65
2
1
8
98
6
3
8
24
3
13
17
40
9
10
7
1
2
1
9
23
2
0
3
5
3
12
5
1
5
2
4
33
12
16
1
6
26
65
5
4
10
9
10
53
3
3
6
7
4
3
1
5
3
4
4
3
6
4
5
3
1
12
1
9
5
10
3
1
5
5
1
3
3
45
24
2
9
11
6
5
11
7
3
9
2
4
1
3
4
6
4
4
6
12
4
4
2
17
4
11
1
2
2
0
3
5
96
13
18
11
3
6
2
1
1
4
1
5
56
72
0
6
4
3
3
10
3
20
5
2
90
2
4
5
3
2
40
8
13
13
0
19
42
11
2
25
2
1
6
3
2
3
2
17
8
0
12
6
1
1
5
5
2
3
5
4
3
2
2
1
98
4
8
3
3
6
61
5
10
6
1
3
17
5
2
7
5
3
3
7
10
3
3
9
99
30
12
91
5
5
12
7
7
2
2
2
4
21
17
1
10
28
12
13
45
50
5
8
99
1
4
0
9
5
1
6
9
6
6
11
4
1
2
45
18
26
2
7
3
7
1
1
1
4
29
11
1
7
4
3
6
5
21
12
5
4
12
3
4
1
4
8
6
5
13
9
12
2
24
10
4
3
34
16
12
1
2
6
5
8
5
3
8
7
9
