4
13
44
2
2
4
0
4
0
0
9
6
2
3
5
1
6
8
4
3
7
13
4
6
4
8
1
1
0
10
8
3
8
4
24
8
22
97
4
1
5
12
3
14
4
12
27
9
13
4
94
63
3
5
1
98
3
5
8
3
9
1
3
6
19
13
16
3
1
1
2
1
10
6
2
14
18
5
2
4
5
2
7
6
5
3
1
2
9
13
5
1
4
18
17
3
22
3
11
2
12
6
2
52
3
8
2
3
14
6
18
6
2
2
4
1
2
11
6
17
12
6
11
11
6
9
16
10
48
5
23
2
4
2
1
5
3
16
9
4
8
8
4
12
9
10
1
9
1
3
8
53
24
4
65
6
5
40
1
70
1
6
9
3
3
25
3
3
47
2
4
7
11
1
17
8
8
8
9
2
2
4
8
7
78
12
3
5
14
21
5
24
11
3
4
13
35
2
6
2
66
3
3
36
0
1
5
4
6
0
4
5
7
4
9
12
3
4
2
3
2
86
3
6
15
0
3
3
5
8
5
0
12
1
3
4
4
4
10
4
11
0
10
0
2
6
8
6
7
3
31
1
5
7
10
6
4
2
11
15
0
11
8
47
6
5
4
8
3
1
3
3
3
1
10
3
2
2
3
2
20
4
9
14
5
6
1
5
