3
1
96
7
2
2
20
2
4
3
2
6
43
11
4
10
47
3
27
5
12
5
5
23
41
15
12
9
11
3
2
3
6
38
2
10
2
1
2
2
5
5
8
1
7
2
1
2
2
4
7
2
4
10
10
4
6
13
10
2
2
6
3
4
0
5
2
10
6
2
1
3
4
12
4
5
3
6
2
19
4
7
10
13
3
17
1
9
2
1
4
6
17
9
9
2
4
4
3
3
13
6
5
2
19
6
0
1
1
5
1
85
8
6
15
13
9
7
4
1
5
5
7
5
3
71
2
2
2
11
5
0
4
3
0
10
3
5
4
6
3
5
5
6
2
6
7
1
90
4
1
39
2
1
1
1
1
38
1
3
1
1
25
3
1
5
3
2
3
5
5
9
1
1
0
9
7
2
5
13
38
10
4
5
6
5
6
4
22
17
6
0
24
5
13
2
12
2
18
6
2
7
16
5
1
3
2
1
4
7
11
3
29
5
11
5
3
2
2
1
9
2
5
6
9
36
9
12
64
3
64
43
5
49
8
7
10
5
12
6
7
23
9
4
3
15
5
49
13
2
14
1
8
3
7
3
7
2
2
10
14
2
6
4
5
6
18
9
6
18
0
10
6
2
6
8
14
18
5
6
5
8
3
5
1
3
2
74
