1
4
1
12
5
4
7
1
1
11
0
1
9
3
10
9
2
30
3
2
9
4
11
68
6
9
7
4
15
13
6
8
4
2
64
4
9
2
3
6
14
10
11
2
11
6
9
9
3
5
1
3
2
4
10
6
2
2
14
3
6
88
21
6
1
4
6
1
14
3
8
3
8
27
5
3
10
2
4
1
10
2
25
3
22
9
55
2
6
5
3
8
8
2
2
3
5
3
3
25
6
2
1
6
5
88
2
7
6
3
7
10
1
1
5
10
3
11
15
1
2
13
1
9
2
87
3
8
2
3
2
13
5
4
7
4
2
11
11
2
66
6
6
1
1
7
6
3
7
3
3
5
8
46
19
6
13
12
1
21
8
25
12
18
2
5
62
54
7
2
5
2
12
7
12
48
3
42
4
5
3
0
26
1
4
7
9
3
9
10
4
7
24
53
6
2
4
5
33
9
5
12
62
13
57
13
7
12
0
5
2
1
50
27
2
2
6
21
8
2
3
17
6
11
3
3
98
5
15
2
1
3
15
17
14
2
21
10
37
1
1
3
5
86
5
1
36
1
2
15
0
3
7
3
7
6
4
1
6
1
13
30
5
8
4
13
1
30
34
9
1
7
3
27
7
30
10
8
9
11
4
3
4
8
5
4
9
21
