0
2
9
48
18
7
3
10
11
3
8
5
6
1
1
64
12
1
41
5
2
15
10
3
2
14
44
28
11
6
29
10
12
6
10
42
2
3
11
4
10
10
15
4
8
3
6
10
4
1
1
8
6
3
7
3
12
11
2
54
87
3
25
7
13
32
2
3
10
6
53
10
14
13
2
3
2
13
23
1
6
1
11
1
9
1
71
2
9
6
15
1
7
2
1
6
1
1
43
98
10
2
9
4
46
11
1
7
12
25
5
6
5
2
1
9
9
2
53
3
11
6
8
15
3
5
6
8
3
3
5
14
4
3
6
6
5
22
5
29
94
9
2
12
7
1
5
10
57
40
5
2
2
8
0
8
10
8
3
3
7
3
23
6
7
12
16
3
2
7
9
5
4
4
6
7
26
18
7
22
4
3
16
5
5
14
2
6
0
2
11
7
3
2
3
13
4
3
4
4
1
8
5
2
6
3
8
9
3
7
16
7
1
1
9
1
2
5
2
2
17
73
3
7
1
3
73
3
2
9
3
11
7
5
1
1
7
3
2
1
0
3
3
3
4
14
4
4
12
4
10
6
8
3
7
1
7
14
5
2
5
10
11
9
1
6
1
11
2
2
9
3
2
2
5
14
6
14
7
13
15
6
2
6
11
3
2
5
