4
10
2
27
2
8
40
4
17
2
3
11
7
2
10
10
5
9
2
2
3
4
3
5
11
18
2
1
3
4
3
10
1
18
1
5
2
2
1
8
4
0
0
2
5
5
2
16
3
7
7
11
18
8
8
6
2
3
3
6
42
5
5
2
2
6
4
13
13
4
5
2
6
6
5
5
6
6
9
21
12
7
10
7
4
2
8
2
6
1
14
3
6
12
5
12
3
95
5
11
5
5
3
15
1
1
6
2
10
11
6
6
3
3
48
1
6
6
3
6
4
8
3
10
6
7
5
5
5
3
4
3
5
9
1
4
48
6
4
6
30
13
4
6
8
2
8
5
4
7
25
5
8
0
6
3
3
7
2
0
5
14
2
0
11
3
2
14
1
2
0
4
5
7
2
3
1
0
9
1
2
24
4
6
2
1
4
61
4
6
5
3
7
3
4
1
24
1
14
4
12
5
6
10
37
1
7
2
2
6
3
1
2
1
65
11
5
13
13
1
5
1
11
7
14
19
2
5
1
13
2
1
2
0
5
12
0
1
2
1
51
3
1
7
8
1
10
14
25
8
5
7
6
20
3
2
12
1
2
6
3
2
5
15
43
11
8
11
2
11
3
18
7
7
4
2
7
4
3
10
2
7
2
1
10
1
80
1
