4
98
1
39
3
30
5
1
0
16
1
97
44
1
3
16
10
50
51
3
2
2
8
9
22
4
2
48
8
96
3
12
2
11
5
2
4
4
2
2
7
3
2
5
10
8
7
4
3
5
1
1
5
1
2
1
6
4
6
4
79
8
4
9
73
9
2
5
2
9
1
24
7
13
2
3
6
1
9
15
5
35
9
2
25
3
3
1
4
4
2
8
1
13
0
3
3
5
8
21
72
14
10
7
11
15
1
59
18
4
6
5
6
6
5
3
0
8
11
11
11
52
23
10
12
5
9
1
9
69
0
5
1
44
11
1
9
8
36
8
10
3
1
1
2
3
29
4
3
4
2
6
6
3
8
6
7
1
2
7
2
3
5
1
6
6
6
4
4
45
7
99
1
13
7
3
5
6
23
12
12
4
2
5
3
38
45
0
7
5
32
8
5
15
20
8
2
5
2
6
3
2
3
62
9
6
99
3
4
3
2
12
15
1
5
4
8
2
8
13
1
50
6
98
5
11
1
3
8
2
2
10
5
2
10
40
6
13
7
3
5
11
5
3
7
5
4
1
10
4
15
14
3
3
3
5
11
2
6
2
4
3
38
1
75
3
5
13
10
7
3
43
3
2
2
3
21
4
6
5
1
2
8
2
1
3
14
1
