11
2
3
10
11
3
6
9
4
97
43
42
6
1
10
11
27
4
3
43
5
2
11
3
41
6
44
19
2
14
15
25
9
36
13
7
9
20
19
10
2
2
3
1
6
7
6
3
5
10
5
5
8
31
1
3
2
1
5
1
10
1
8
12
3
2
4
8
8
5
1
12
6
9
6
5
20
3
6
5
3
4
11
2
3
8
1
20
5
7
14
7
3
2
1
1
2
1
14
6
6
3
19
14
5
4
6
5
8
8
2
9
9
90
12
5
9
4
5
5
10
13
8
26
1
18
4
4
11
63
47
8
5
5
11
5
2
4
14
3
6
3
24
2
13
13
15
5
8
7
7
4
3
5
5
8
2
0
15
6
5
4
4
14
6
12
0
5
4
3
8
1
26
43
4
6
5
3
62
5
34
2
0
2
7
2
4
7
4
23
6
5
4
14
1
3
11
16
4
18
7
0
14
2
3
7
9
1
16
2
8
2
0
4
6
96
3
3
1
1
3
5
7
2
14
1
8
4
4
41
1
4
6
2
1
9
2
13
9
3
4
5
5
5
2
25
1
4
8
3
5
1
32
11
7
2
8
1
3
6
1
6
10
5
3
3
3
1
5
2
4
11
6
3
1
2
7
1
2
2
5
2
49
90
2
10
5
8
