9
1
4
1
1
9
2
2
3
4
4
2
10
8
4
3
3
4
9
5
19
11
7
1
2
10
70
2
7
8
3
9
8
13
5
2
2
11
3
2
18
1
2
1
3
2
27
2
2
3
54
3
11
2
81
6
3
17
2
8
1
6
4
3
2
9
5
21
4
1
9
4
14
3
7
3
3
7
1
85
2
19
3
14
2
2
9
10
11
2
11
2
1
1
1
10
2
2
2
7
4
4
1
3
13
7
2
5
4
2
1
1
20
7
3
7
0
1
3
11
9
5
8
14
0
13
20
13
14
3
2
1
2
2
9
8
15
5
14
11
1
9
5
7
6
2
2
66
4
27
11
3
5
1
2
10
16
5
6
2
8
6
12
2
30
3
7
9
2
7
5
5
43
4
2
1
3
3
3
1
1
4
3
8
84
37
5
7
6
6
5
8
3
6
40
1
8
3
1
14
1
17
1
2
6
3
1
67
3
8
3
17
10
3
5
19
2
0
2
4
1
6
2
10
2
11
27
2
2
20
0
7
4
10
1
3
9
10
15
7
11
4
0
2
37
4
4
2
2
8
1
17
16
1
13
9
11
3
2
8
1
3
1
3
2
1
11
12
1
9
1
6
9
10
2
4
1
47
3
1
87
5
13
2
6
7
6
3
