10
7
13
2
53
14
10
26
10
10
2
2
1
25
9
5
33
1
4
6
7
15
10
13
8
5
67
0
1
10
6
70
4
50
44
3
2
14
2
2
10
9
11
2
3
1
2
12
10
7
5
54
5
10
21
16
5
6
2
14
5
2
10
6
1
19
3
20
4
1
26
57
11
4
5
7
6
2
8
11
5
10
1
1
1
2
5
5
26
4
14
19
1
87
3
2
6
11
16
4
6
3
3
1
10
8
1
1
1
9
1
2
12
4
2
2
10
2
3
8
4
4
14
2
10
5
5
7
5
5
5
48
6
4
5
92
2
5
5
95
4
1
53
23
2
1
18
49
2
7
15
1
7
5
3
7
6
5
3
3
4
19
82
7
23
7
14
12
6
35
5
3
12
12
1
6
4
4
4
2
57
9
5
4
7
29
1
29
5
8
4
0
33
5
4
6
8
3
4
8
9
13
2
8
14
1
3
8
11
1
9
32
4
13
33
12
5
3
14
32
98
8
3
17
13
3
2
12
9
4
1
9
3
2
1
2
2
8
6
10
10
2
4
3
0
68
17
1
29
5
4
3
5
1
5
4
2
3
6
1
3
64
5
9
6
14
4
5
1
7
2
5
7
1
5
10
5
3
11
5
12
3
2
12
7
3
9
2
