7
1
6
6
3
10
25
1
9
65
3
10
2
14
1
3
5
5
31
3
0
3
2
11
4
11
8
8
1
14
6
9
2
1
3
6
8
6
16
2
4
2
3
9
13
6
13
29
9
44
88
93
5
2
3
3
1
3
1
6
9
6
44
3
5
4
5
3
33
8
54
11
5
12
21
1
5
3
88
6
1
18
6
8
1
14
7
8
3
1
3
3
2
9
3
10
87
1
1
46
9
8
9
6
6
2
8
6
6
2
5
5
5
8
4
8
14
3
1
4
7
3
6
5
1
1
6
6
6
5
9
6
11
8
13
2
6
1
13
6
8
3
6
2
9
8
57
2
3
6
8
6
0
3
5
0
3
6
3
3
9
27
4
6
32
1
14
5
58
2
57
38
17
39
3
25
2
9
22
2
7
3
3
26
4
6
11
5
1
0
3
7
0
17
5
2
18
11
2
99
53
2
2
7
3
11
21
2
28
2
2
3
9
0
3
3
2
2
9
4
5
2
4
6
2
1
11
9
1
3
3
3
6
3
7
1
2
3
1
1
7
4
2
2
39
5
6
6
6
25
6
3
7
3
2
1
5
1
1
3
4
10
2
2
3
69
3
4
3
3
8
4
1
8
1
9
3
4
2
5
4
54
42
3
1
5
91
7
