6
4
5
20
4
6
0
1
5
98
20
3
11
4
3
11
3
8
7
6
64
3
62
12
15
3
5
5
6
61
1
5
7
4
3
4
3
6
31
9
8
9
6
5
11
4
8
1
18
14
2
3
3
2
6
6
17
1
3
3
74
7
10
7
7
3
5
5
1
13
23
5
1
5
42
17
4
51
5
3
5
19
5
16
6
1
2
6
9
7
42
3
3
7
4
2
33
2
0
12
7
2
2
3
5
1
10
4
2
7
13
7
2
7
2
11
13
3
53
9
12
94
7
1
6
6
15
2
2
10
11
11
12
2
4
2
2
40
7
47
10
1
9
2
2
2
4
6
9
4
21
5
4
3
2
1
6
21
11
2
97
5
10
10
98
4
6
7
2
1
1
3
2
4
7
9
2
1
46
11
16
5
8
2
12
44
4
6
3
7
10
1
1
4
35
13
6
5
19
2
3
1
1
41
5
2
10
1
10
11
2
2
1
44
6
4
60
20
4
81
2
7
3
3
95
10
6
37
2
5
8
11
3
8
8
2
10
2
4
6
3
9
4
51
2
2
11
12
3
2
13
21
3
7
11
1
8
9
2
11
8
2
4
2
5
5
12
1
15
14
1
1
3
4
1
8
4
1
1
2
14
50
0
0
12
0
25
12
