5
2
21
14
39
2
23
1
9
14
8
12
1
49
26
7
1
1
1
3
39
7
3
18
3
25
10
4
6
2
0
11
9
5
3
3
4
3
18
3
7
5
4
1
4
2
7
1
37
7
9
26
9
4
6
3
2
5
17
0
0
13
8
7
27
7
2
12
1
3
4
6
9
9
2
7
12
3
14
3
1
23
14
96
1
3
5
6
26
12
8
8
10
0
15
11
17
6
52
6
12
4
16
12
2
14
13
2
5
5
2
14
97
18
1
19
15
9
59
15
15
2
2
26
5
22
59
4
3
3
3
4
5
1
3
12
1
16
3
11
11
3
1
6
18
1
8
13
4
3
5
5
3
10
6
5
6
5
6
5
1
4
5
13
5
3
1
16
77
7
7
10
10
5
13
16
3
97
0
5
3
5
4
32
23
15
4
3
1
99
3
5
5
4
3
17
1
26
13
3
37
11
53
2
10
97
5
1
4
5
12
13
9
3
8
10
17
8
4
4
1
5
10
8
5
6
27
3
20
1
12
2
9
2
3
31
1
7
6
2
5
2
6
7
9
5
4
9
6
3
8
4
3
5
7
5
30
3
2
18
4
5
8
3
1
8
14
2
1
1
12
9
1
66
1
9
21
5
13
6
5
3
3
3
28
2
3
1
