4
7
4
7
19
44
4
6
6
1
5
9
11
17
9
13
6
3
16
5
0
28
12
3
2
1
5
19
11
5
3
13
2
6
9
10
4
3
4
5
18
1
13
1
5
3
2
17
10
16
4
6
13
3
12
10
8
5
16
6
14
10
0
4
4
12
6
11
19
13
19
15
2
12
1
16
6
8
3
6
12
1
11
11
6
9
4
2
1
56
10
2
51
9
5
3
2
1
5
4
2
5
8
1
3
5
8
13
4
3
15
12
10
4
7
9
9
2
2
8
4
9
2
5
15
5
78
2
15
13
9
0
2
3
8
7
8
6
5
34
3
11
13
1
6
7
3
5
6
0
2
2
9
1
12
2
38
10
1
1
16
12
8
4
4
2
2
5
3
3
1
0
6
16
2
0
2
5
4
16
16
10
7
7
14
18
64
8
6
3
66
8
2
5
15
7
4
3
11
3
11
1
29
8
11
4
1
2
21
21
1
11
1
1
6
17
12
32
38
2
4
13
4
33
0
2
4
4
44
1
3
26
9
10
9
2
5
3
37
4
2
5
1
48
6
33
5
5
88
7
2
5
2
4
27
1
3
11
35
6
15
5
11
11
6
7
2
49
18
8
6
7
6
6
2
6
5
2
4
98
6
5
13
95
3
14
12
5
