10
23
5
2
2
2
12
3
6
3
18
10
2
2
16
2
2
11
2
3
24
6
8
4
8
40
6
12
5
13
8
4
21
2
13
3
1
4
6
2
1
17
4
3
6
2
13
3
0
12
8
8
40
8
5
28
4
2
5
0
3
17
33
6
5
31
1
6
99
3
6
52
1
2
1
6
6
6
4
6
7
6
7
19
4
3
5
15
8
5
17
5
14
11
6
11
2
8
6
0
3
2
4
12
6
2
5
84
4
2
1
2
8
10
3
6
17
2
7
4
8
8
9
11
1
0
25
61
5
7
7
2
13
3
8
7
6
13
6
5
11
7
6
33
2
6
0
11
1
2
7
6
4
6
1
25
7
25
3
2
2
6
17
7
1
1
1
3
2
2
12
6
44
4
5
3
2
1
4
3
64
1
30
10
5
2
2
5
2
9
6
4
14
19
5
6
8
43
11
1
1
4
11
52
7
16
7
7
2
2
4
5
5
38
23
4
11
8
3
6
30
1
3
4
21
5
8
6
37
8
2
53
2
5
3
3
4
1
5
2
5
6
7
12
9
0
3
7
22
6
1
5
6
6
1
6
6
3
15
11
5
1
6
6
3
5
2
7
6
7
9
0
5
0
71
10
3
1
1
5
18
10
11
11
7
23
1
51
