7
57
3
33
4
93
3
1
6
19
99
1
2
4
19
6
2
8
20
3
12
8
31
2
92
8
35
3
63
4
5
9
9
6
2
4
4
5
5
12
9
3
8
8
6
1
4
2
5
2
3
4
11
35
27
11
6
22
0
3
13
2
23
40
12
1
92
4
9
11
4
3
9
7
10
7
7
38
3
8
5
2
3
4
13
4
25
4
12
9
3
3
0
38
20
24
5
1
11
3
6
33
12
9
2
4
7
7
3
14
3
6
5
3
3
1
2
7
1
7
14
10
12
91
8
4
8
15
5
6
5
5
3
2
9
7
56
90
2
8
5
34
5
1
0
96
61
2
5
10
4
2
14
3
25
8
7
3
2
11
6
99
2
1
5
6
5
5
8
1
99
4
11
23
13
5
5
5
2
6
4
2
8
5
5
1
5
9
3
6
5
48
5
35
54
5
8
7
8
28
5
2
4
6
6
5
9
7
10
49
10
1
17
16
14
8
11
39
6
6
8
1
10
13
1
21
3
9
2
21
2
1
5
9
51
8
1
3
4
2
8
5
3
5
12
3
34
1
6
3
4
4
3
3
5
9
37
9
27
2
3
6
30
3
31
5
18
6
6
4
1
3
1
2
1
1
9
12
6
1
16
15
4
6
7
12
16
3
