19
5
5
3
3
3
5
6
3
2
3
11
3
1
37
2
11
7
6
9
14
17
2
5
2
60
6
18
6
19
17
4
3
2
1
28
3
3
6
14
2
3
7
10
12
11
3
41
17
24
15
39
2
9
34
1
3
1
2
1
2
1
11
4
27
5
2
8
12
8
4
59
2
1
2
8
11
17
0
1
7
4
10
2
6
1
73
2
1
15
1
1
4
3
4
6
5
1
23
2
22
6
9
5
13
4
6
6
4
6
1
2
3
13
3
2
5
11
10
5
1
7
66
4
13
3
4
0
53
8
0
8
3
11
13
5
6
3
1
4
39
6
4
30
0
2
3
9
3
13
41
13
2
3
11
7
2
77
6
1
5
11
18
2
11
4
1
50
5
7
5
14
8
2
2
1
2
6
2
5
5
5
9
21
2
4
2
39
31
47
3
2
10
7
5
4
10
16
1
6
5
2
1
52
8
6
3
3
6
2
3
2
25
32
2
7
5
3
28
1
1
1
2
2
11
4
3
1
1
2
3
8
1
98
12
7
47
8
6
32
5
1
2
0
4
2
5
2
4
6
8
2
1
1
4
5
11
5
3
9
50
2
3
7
2
11
2
4
5
13
5
5
3
2
11
11
4
4
12
50
8
3
4
15
39
3
1
10
