8
32
7
16
1
7
2
2
0
2
5
5
3
1
2
5
9
7
35
59
7
4
1
14
3
7
34
3
15
13
5
4
1
7
32
2
8
7
12
5
5
3
4
1
5
3
2
32
15
3
2
3
4
3
17
3
3
4
60
3
2
18
4
17
81
5
1
1
27
11
3
22
7
2
8
40
2
1
3
13
7
2
2
15
8
18
2
12
11
1
7
8
2
1
17
4
4
8
2
1
4
2
1
33
79
3
8
3
2
2
6
3
6
1
0
2
11
3
93
10
6
0
3
1
9
21
13
2
53
7
2
9
94
8
15
2
0
23
6
6
12
10
2
1
2
5
6
3
5
11
10
8
11
1
2
9
3
0
0
0
10
5
13
18
50
2
5
5
3
19
5
66
1
18
13
5
41
4
7
4
4
12
25
85
51
11
1
5
11
4
6
1
7
20
4
2
17
5
5
8
6
6
23
3
16
5
19
51
3
4
20
4
22
4
6
4
20
0
1
2
2
15
4
13
2
5
8
2
1
1
4
10
3
5
4
2
3
0
2
2
4
5
9
14
2
5
0
8
25
6
2
2
46
3
5
4
0
40
1
1
0
8
55
1
2
4
8
2
8
2
5
2
5
7
11
92
8
48
6
1
1
2
0
3
1
2
3
9
