28
4
1
7
2
14
0
5
30
4
11
26
10
5
1
2
3
3
1
5
5
12
2
6
17
6
2
5
2
10
2
23
2
8
7
40
15
2
3
5
2
7
14
10
11
2
3
2
11
4
1
1
18
2
11
1
1
3
2
9
5
5
2
12
7
13
4
1
7
1
12
5
5
8
5
6
6
17
5
1
1
7
15
5
6
0
5
11
5
4
3
11
14
5
5
10
11
3
1
1
2
2
1
75
3
16
7
2
0
6
8
5
5
29
2
1
6
0
0
4
21
3
2
6
1
2
9
4
3
4
27
2
6
9
1
1
5
7
9
2
3
13
6
3
8
5
6
15
23
8
0
13
1
6
1
0
28
12
2
3
4
40
6
8
13
12
8
41
17
5
45
1
10
45
5
3
9
1
10
0
5
2
5
1
13
2
2
2
8
2
3
2
25
2
2
3
8
1
13
13
38
2
2
10
1
7
47
14
10
26
3
43
11
1
3
37
3
4
8
9
20
47
2
59
8
8
15
5
6
7
3
10
1
20
11
2
1
14
8
7
19
14
5
4
0
3
6
28
11
3
1
5
0
3
14
4
5
3
2
6
20
4
20
8
0
4
5
9
14
3
1
1
7
2
6
3
2
3
6
12
5
3
7
7
3
15
10
62
