1
6
7
1
1
1
48
0
8
4
9
59
6
4
3
3
3
1
3
2
6
4
10
17
3
6
47
6
8
6
42
1
5
4
2
5
5
0
4
6
5
5
62
4
1
18
6
1
4
4
2
9
3
3
2
51
2
19
48
12
8
3
5
2
12
4
1
7
3
5
13
1
3
19
3
52
3
12
4
3
50
34
5
53
1
2
4
2
1
8
6
12
2
3
2
10
2
5
1
4
11
0
7
5
0
4
2
3
12
11
6
3
11
3
2
2
9
10
1
4
1
2
13
6
5
13
7
6
2
0
15
9
4
1
1
10
5
3
6
17
4
3
2
9
1
4
2
4
8
6
16
2
3
3
6
3
1
8
8
5
1
5
8
2
2
6
2
2
2
2
4
25
4
2
2
5
17
9
5
10
30
2
6
3
5
1
6
40
4
40
2
4
6
65
1
5
3
13
8
15
19
3
2
2
8
46
11
8
53
9
9
0
18
5
2
11
5
7
76
7
1
88
15
2
29
2
2
81
14
6
3
9
7
4
8
9
9
3
5
51
14
4
13
28
21
1
5
24
7
7
7
36
5
5
0
8
5
12
2
40
7
86
0
7
2
47
5
3
2
2
6
3
3
5
11
2
4
6
50
2
6
16
14
3
2
13
6
8
