2
14
1
6
18
8
1
19
14
2
7
36
5
28
6
9
7
3
2
13
3
2
43
16
4
4
5
9
4
41
5
8
2
5
21
6
3
7
2
10
4
12
3
6
11
1
0
11
12
11
6
3
3
1
21
6
4
6
11
15
1
1
7
4
2
6
6
4
5
21
10
5
31
3
2
4
10
2
3
3
6
2
2
5
4
3
1
3
6
2
86
3
2
2
79
6
27
4
2
73
5
6
10
11
2
6
6
1
4
1
4
1
2
14
3
6
9
6
1
1
6
5
5
15
9
3
13
10
3
2
3
6
9
5
2
5
6
1
1
5
2
4
0
5
4
3
2
13
7
17
12
7
44
5
7
14
9
28
1
7
3
3
32
5
38
7
7
19
40
57
6
54
13
1
47
12
18
10
6
13
15
5
12
4
6
25
33
1
6
7
0
3
14
1
5
6
1
13
3
3
7
3
1
53
4
3
5
7
6
32
3
7
6
61
7
7
96
0
7
42
12
1
8
0
7
5
2
75
17
4
8
4
4
4
4
7
1
3
4
5
4
6
36
11
15
3
3
1
3
2
13
5
1
3
2
2
9
5
8
2
4
3
8
73
4
7
2
5
8
1
3
2
19
8
6
10
1
3
3
3
2
12
13
3
7
1
1
7
