0
3
6
11
2
5
3
3
44
18
9
9
27
11
14
12
11
5
1
4
63
9
3
3
5
4
3
1
3
38
3
19
14
7
7
3
12
2
4
3
95
14
3
8
26
14
3
4
7
3
2
1
1
3
9
1
28
12
7
10
9
4
55
6
18
9
4
0
36
5
3
13
5
9
15
7
2
2
2
7
13
3
4
4
3
9
30
2
1
2
11
9
4
1
9
13
89
15
4
13
7
7
59
12
3
3
3
4
9
1
13
1
3
7
7
12
10
17
0
10
3
7
20
1
22
2
4
4
1
9
2
10
9
0
37
3
3
62
6
8
0
10
7
3
10
7
5
71
5
7
1
25
10
10
2
19
5
10
1
99
60
2
3
7
7
4
2
1
3
5
14
49
17
5
7
25
1
7
4
5
3
18
5
5
3
1
4
25
15
14
2
6
2
5
2
7
6
12
8
9
6
5
25
27
18
5
5
3
1
1
27
5
5
1
2
3
8
2
9
17
6
4
51
2
8
17
6
10
11
7
15
5
6
4
9
4
10
21
21
4
5
10
2
2
3
5
7
88
1
84
7
7
9
4
7
3
26
5
8
2
1
22
0
2
6
8
13
3
2
6
6
1
1
1
4
20
1
8
59
11
1
6
1
36
1
68
4
4
