22
6
19
2
5
1
6
3
3
2
6
8
18
7
10
8
3
2
16
7
19
12
5
7
9
5
11
3
1
8
7
2
10
5
3
2
1
2
9
5
5
3
16
9
1
3
29
6
17
6
12
3
12
7
1
1
5
35
8
8
6
8
12
30
26
13
5
10
2
9
10
3
4
3
12
7
6
9
8
11
5
9
82
5
5
7
18
8
5
2
11
6
5
8
6
6
7
14
2
4
4
3
4
8
3
3
5
2
3
7
1
13
94
15
10
4
8
8
2
6
2
5
12
13
6
9
10
5
1
3
90
2
1
24
5
1
2
63
6
4
7
9
1
6
1
6
1
14
11
8
1
12
5
1
3
1
10
3
60
2
8
5
4
1
2
11
2
0
5
4
6
13
11
4
2
2
30
2
2
1
4
1
4
5
8
3
5
2
1
2
1
0
9
10
5
1
9
2
3
87
1
4
2
33
64
4
16
0
12
17
27
4
4
3
30
4
4
9
10
19
4
2
87
8
93
1
5
4
6
5
6
3
3
1
17
8
1
1
6
37
2
2
6
1
1
2
2
18
2
11
8
7
6
1
3
2
14
8
3
1
1
3
8
73
8
1
1
3
1
7
8
2
13
9
6
2
5
1
1
3
5
31
2
7
5
12
7
6
