12
7
4
2
10
3
7
8
3
2
4
6
9
6
13
1
1
4
4
2
8
5
12
5
5
1
7
6
1
13
26
1
4
4
6
5
4
2
6
18
2
2
8
5
4
5
9
4
7
8
3
2
1
11
4
3
2
5
5
4
7
16
14
7
3
10
46
10
1
3
1
14
8
2
3
14
9
16
5
1
1
17
0
5
2
3
11
47
7
5
3
0
5
7
1
83
1
4
3
6
0
3
1
6
6
1
3
0
16
2
1
1
45
6
13
12
1
4
6
2
10
12
6
5
3
2
10
4
6
5
9
3
2
24
5
2
0
1
6
14
10
8
3
7
4
6
11
0
5
19
15
4
28
4
2
3
1
2
0
4
13
6
2
1
8
92
3
11
28
15
5
2
2
6
5
2
16
7
5
1
21
13
14
3
2
5
6
8
5
23
0
11
10
8
3
13
3
4
6
3
3
11
1
2
5
6
2
6
1
10
0
4
6
2
1
5
7
2
2
6
21
2
6
2
6
5
21
5
1
10
5
0
16
4
17
28
15
6
2
0
6
7
27
6
10
59
2
17
2
14
12
2
8
1
1
14
2
2
2
94
2
2
5
2
7
2
3
3
2
4
7
2
16
2
4
1
6
8
10
2
6
0
1
1
2
5
2
2
