4
6
6
1
6
12
8
11
8
10
27
31
7
6
3
7
11
6
6
24
6
11
1
21
8
3
9
14
2
3
25
3
3
18
6
8
7
12
12
7
3
1
5
5
10
19
3
3
5
12
10
6
8
58
11
9
1
7
4
2
7
8
1
3
0
1
6
1
6
7
7
3
6
24
4
3
42
6
4
4
4
9
5
54
1
1
2
8
2
25
11
2
9
3
8
10
9
4
1
4
85
11
1
3
2
7
71
2
2
2
6
4
5
6
1
6
1
7
3
7
1
6
1
5
2
3
2
9
1
3
5
3
4
1
17
4
15
3
4
1
3
10
12
11
6
4
9
1
4
48
12
8
33
16
2
9
3
6
4
8
5
14
14
2
13
16
11
4
45
13
1
9
6
7
4
5
7
8
1
27
53
0
3
11
5
5
6
54
6
2
11
1
5
21
20
6
21
4
42
2
12
4
9
6
1
4
9
3
21
2
44
2
8
24
5
18
17
3
94
3
17
5
12
7
2
1
1
3
1
11
18
29
36
10
4
5
4
97
9
5
5
1
1
12
6
22
4
7
6
3
7
31
4
12
4
5
3
3
3
9
10
14
30
30
3
1
1
9
2
8
8
0
13
6
1
16
8
3
2
3
13
14
3
5
10
10
5
9
