2
3
5
1
10
10
9
38
3
5
1
7
0
2
2
5
6
4
2
2
25
3
3
33
7
7
5
3
12
2
1
1
1
2
3
6
2
14
11
1
11
7
39
1
3
2
2
1
4
23
7
1
10
3
29
28
68
5
1
2
5
16
8
25
5
6
2
3
4
11
1
2
3
4
7
6
5
2
4
10
2
2
11
13
1
13
2
6
4
1
2
11
2
4
6
6
7
3
1
9
3
11
6
9
2
7
1
5
6
3
4
1
2
13
2
1
1
10
6
10
47
6
2
4
3
20
1
10
5
9
4
12
7
9
7
3
11
97
6
6
3
13
3
1
4
33
6
2
4
9
5
4
6
4
3
6
8
23
14
3
11
6
0
60
10
2
5
56
13
3
2
5
25
3
2
4
97
5
44
3
7
13
53
9
5
7
8
10
3
42
9
5
7
5
1
45
2
0
1
3
1
6
2
4
3
4
1
3
9
3
1
7
14
5
3
35
1
6
9
4
2
3
1
3
5
1
3
8
10
33
43
4
5
45
2
2
4
27
2
12
2
3
4
10
7
2
4
10
7
11
6
6
6
6
3
7
5
3
31
1
10
56
16
4
3
8
4
6
18
35
5
3
2
5
8
4
1
10
3
2
10
1
1
23
1
1
6
1
