6
7
6
2
15
64
10
12
98
6
46
4
43
3
3
3
2
3
15
1
32
4
1
26
1
5
3
3
5
41
3
4
3
4
3
7
9
34
6
3
7
3
19
5
8
1
3
8
8
13
8
4
4
8
3
47
5
7
3
0
11
8
6
4
42
3
1
2
3
1
3
6
3
4
13
11
0
1
11
11
28
11
3
6
3
3
4
54
3
10
14
6
2
2
1
12
3
3
52
2
5
58
5
2
1
58
13
4
10
5
4
3
87
18
30
10
5
1
2
6
8
0
2
6
1
5
95
9
7
1
2
51
97
13
6
3
7
4
4
5
72
4
12
5
4
3
12
22
9
24
4
9
6
0
6
3
7
7
1
1
55
1
37
99
1
5
3
5
5
1
7
3
4
69
2
5
59
13
42
4
13
6
5
1
3
2
4
2
8
1
4
4
3
6
6
13
2
8
5
14
9
39
5
2
3
5
5
2
10
99
96
7
1
4
5
2
10
1
4
8
4
26
13
6
9
2
12
18
3
5
8
38
3
7
1
11
6
5
53
7
3
16
11
1
54
6
6
5
3
2
13
11
5
4
1
4
5
1
2
11
0
3
6
3
12
1
10
1
13
3
3
73
46
2
1
11
11
6
3
20
12
6
18
2
2
1
3
0
