6
1
1
2
7
13
6
99
10
7
5
7
39
98
3
29
3
3
6
33
3
10
4
12
1
12
3
5
8
19
1
2
2
20
88
8
7
10
33
1
3
5
5
6
22
1
8
2
20
8
4
1
4
1
23
11
0
3
4
0
5
1
3
3
2
3
3
3
12
3
1
17
3
5
1
3
90
11
3
1
5
2
4
92
6
2
10
6
12
5
4
4
4
1
8
9
10
9
0
13
3
4
10
23
12
27
3
1
3
4
2
7
7
2
99
11
2
1
5
4
6
8
4
2
3
7
5
6
6
4
16
26
7
4
3
13
1
1
10
4
6
11
9
45
12
9
1
3
1
1
5
20
3
4
4
1
7
10
9
7
8
10
5
2
24
3
2
2
7
3
9
8
50
1
4
4
9
2
19
68
4
6
3
7
13
54
7
12
1
1
19
5
4
4
2
11
55
2
5
5
1
8
8
8
3
6
2
7
3
5
17
11
7
4
5
11
27
10
8
3
15
2
2
2
7
2
7
3
25
8
9
4
8
59
5
6
6
2
1
5
2
2
17
27
6
5
6
4
9
3
21
5
2
4
3
2
2
3
0
2
17
17
10
2
5
1
2
7
29
3
6
3
6
4
11
9
5
5
5
0
10
0
10
5
3
4
4
7
