1
4
6
8
4
8
5
4
3
3
6
1
2
14
4
9
1
18
10
8
3
3
5
3
4
5
11
2
2
0
5
3
2
2
3
8
5
0
0
0
5
5
27
6
3
2
2
0
25
2
4
1
3
3
3
15
6
11
15
22
13
5
13
12
2
3
8
18
5
6
6
7
2
11
6
3
11
11
5
8
5
0
0
15
5
9
3
1
8
10
6
7
13
9
26
39
98
1
5
1
0
3
5
3
9
74
4
6
5
3
6
6
6
2
71
6
4
2
7
3
11
7
6
6
11
6
6
11
8
6
12
12
2
3
71
5
13
4
6
1
9
2
12
6
1
12
5
6
4
11
13
7
6
2
8
2
4
1
10
1
4
10
5
1
5
12
17
19
1
19
3
0
12
11
60
6
5
1
2
6
4
7
1
0
4
2
50
1
8
2
4
3
12
3
16
27
13
1
9
11
2
1
1
6
5
3
11
10
3
2
2
9
2
6
0
6
63
5
10
11
5
0
0
3
8
2
10
6
4
7
20
1
3
1
0
2
1
23
10
3
8
8
65
7
5
2
6
3
2
6
1
10
8
1
20
1
5
4
5
2
37
6
2
76
5
10
5
5
14
6
3
7
13
31
7
6
4
22
1
9
14
8
6
15
2
11
13
5
