3
7
6
2
1
0
3
28
6
2
4
6
5
3
2
3
5
1
29
8
6
14
12
37
2
4
7
3
33
1
12
1
19
11
1
6
3
2
2
79
2
1
8
3
8
5
3
3
4
4
1
11
89
2
1
1
3
2
3
4
3
8
3
15
1
32
6
4
31
6
3
12
3
2
12
11
2
1
6
2
3
0
3
7
6
72
1
15
3
18
11
15
76
15
1
3
7
1
4
12
1
8
20
8
2
2
5
48
3
13
12
12
7
11
8
3
5
4
2
5
4
14
3
1
5
26
5
99
2
11
5
1
9
1
5
10
8
2
1
6
6
48
11
1
7
10
2
41
3
3
8
15
1
6
15
5
1
4
10
7
17
6
13
26
63
5
8
2
4
8
1
1
3
1
5
10
1
1
6
6
3
6
7
3
2
3
2
8
67
2
1
3
12
21
5
0
2
6
11
7
4
7
5
2
4
6
2
11
6
13
6
1
17
47
3
3
5
0
6
41
22
2
26
30
7
2
2
5
21
2
2
1
1
1
2
5
12
7
7
1
1
3
8
2
1
2
2
16
6
12
6
11
2
3
1
4
1
30
6
52
1
76
3
1
3
9
10
1
2
7
37
6
15
5
2
7
11
25
2
3
10
3
72
49
2
2
14
9
