5
6
3
2
4
7
2
30
7
2
2
26
41
10
60
0
2
8
0
3
11
8
6
1
3
3
7
11
2
6
12
3
3
6
2
4
4
0
37
3
48
22
9
7
40
0
3
2
26
3
17
43
3
2
2
34
4
55
6
90
1
7
3
42
9
14
1
1
5
1
5
2
3
96
2
2
3
9
10
1
20
9
5
3
1
12
5
7
2
19
3
3
10
5
2
2
1
13
5
1
9
5
12
2
5
8
2
2
1
14
10
14
5
13
6
9
6
7
10
5
2
4
2
7
6
99
2
3
2
2
1
2
2
9
5
8
2
12
5
14
48
4
80
3
6
2
7
5
5
6
14
65
18
2
1
8
3
4
6
5
3
1
1
6
5
4
35
8
6
4
1
6
11
61
5
4
3
66
1
5
42
3
3
58
45
33
9
5
3
8
19
38
2
6
6
6
1
19
9
5
1
2
8
13
2
2
4
0
38
3
3
5
5
4
10
3
1
3
3
98
3
4
8
32
5
11
7
10
4
78
15
2
0
16
3
1
5
5
5
12
1
2
2
6
6
33
33
6
2
3
2
24
1
11
5
6
2
6
12
29
5
2
2
3
3
12
3
3
10
13
10
28
3
1
2
0
21
2
5
1
72
14
2
1
12
1
8
3
