6
8
2
28
4
1
24
2
3
12
34
47
7
4
20
0
2
1
1
2
2
19
14
3
5
1
25
13
14
14
1
1
5
3
7
4
21
4
42
5
3
3
1
2
7
9
4
6
7
7
3
3
45
3
5
3
4
12
29
43
10
11
1
6
4
11
8
1
3
3
4
6
2
13
7
1
12
45
23
27
2
6
12
24
45
22
96
3
1
25
12
3
17
2
1
1
3
14
5
58
1
3
69
4
0
6
97
2
4
53
43
9
26
5
15
37
6
9
3
3
7
6
6
13
1
13
11
3
5
25
4
5
1
20
3
1
9
16
2
53
3
3
4
16
1
74
53
19
1
99
7
3
5
2
5
8
7
6
12
2
5
6
7
3
3
1
45
3
22
42
59
39
1
3
6
1
2
10
5
7
3
7
5
4
4
33
6
0
3
5
11
1
3
16
3
9
2
10
1
14
5
3
3
4
4
7
6
4
7
4
5
3
6
14
2
0
8
2
2
0
5
3
1
8
19
12
3
2
2
6
33
55
1
8
6
1
10
2
8
13
3
3
9
9
11
2
0
2
5
5
9
4
8
8
7
3
9
0
5
3
5
3
25
16
10
3
3
6
95
1
10
71
4
1
28
94
3
4
5
5
12
4
0
18
8
3
5
38
