1
5
19
1
0
4
7
5
10
3
4
9
3
1
19
5
19
5
2
3
17
2
1
6
8
14
5
5
3
16
7
47
3
69
3
2
66
1
8
2
3
5
3
5
9
8
12
6
5
10
6
2
7
4
4
3
2
2
11
10
12
16
4
5
20
40
6
1
3
5
6
6
3
13
1
7
44
8
33
5
5
16
10
1
49
1
5
1
21
7
50
12
6
2
7
1
5
47
5
3
70
1
2
1
93
4
95
24
2
1
1
5
33
1
10
7
6
9
0
7
57
2
1
4
5
2
7
10
5
1
52
2
6
10
8
9
3
9
0
7
34
10
8
9
12
1
3
2
3
14
2
2
3
4
5
2
38
3
1
7
6
36
61
4
13
8
6
36
2
5
5
5
16
44
4
1
7
1
6
5
1
29
2
5
2
5
32
1
6
7
2
38
1
2
6
6
6
15
5
5
1
42
5
6
3
1
7
0
6
3
6
3
5
7
0
2
3
4
5
2
3
15
6
5
34
37
3
2
3
17
5
2
97
2
8
2
4
11
12
4
4
5
5
6
2
7
11
12
12
7
1
5
4
2
2
15
5
12
0
3
51
14
5
2
4
19
9
4
0
6
0
12
7
7
7
35
49
1
5
12
3
5
5
15
4
4
2
5
