0
14
10
10
9
12
7
11
4
2
13
6
8
2
12
4
3
2
4
6
1
1
3
2
0
13
2
1
4
5
14
2
7
11
23
5
3
13
4
2
6
17
3
2
2
23
5
10
3
11
1
5
22
5
18
6
25
3
1
11
2
9
5
16
98
8
7
12
5
3
3
6
6
1
5
12
1
3
3
14
6
13
3
2
4
1
13
3
31
8
9
6
4
17
4
8
6
3
1
6
6
7
31
14
4
4
13
0
3
3
5
7
13
2
13
1
0
7
18
2
6
5
14
6
3
8
3
5
1
4
14
3
6
4
8
1
8
9
14
8
0
9
33
93
10
4
5
5
3
5
1
21
3
10
1
5
10
2
7
6
13
2
2
3
14
3
14
1
4
25
16
17
6
8
0
6
10
7
6
1
5
1
9
2
0
1
0
6
42
1
3
5
0
6
2
3
2
7
5
5
3
10
40
8
1
3
12
1
1
1
2
30
4
47
47
2
2
2
5
2
11
14
3
6
14
1
2
3
2
1
10
10
1
3
6
7
5
2
1
1
1
7
9
5
48
2
10
6
3
4
12
5
7
7
5
1
20
11
6
4
8
11
8
6
12
2
11
8
84
6
21
11
2
38
2
10
12
10
3
6
4
19
94
20
7
2
4
1
