5
7
9
4
15
3
29
18
2
8
8
9
12
9
29
11
5
2
9
19
8
2
0
10
4
9
11
14
15
3
5
1
2
6
8
4
2
10
1
7
27
11
3
20
0
3
6
22
67
6
2
7
59
6
5
6
7
17
82
6
2
4
45
8
5
1
6
3
4
1
5
13
48
12
2
1
5
5
25
12
3
22
5
1
6
13
1
0
2
5
6
3
2
4
3
5
5
2
4
3
13
7
6
9
2
2
6
6
6
9
95
12
2
6
12
5
8
2
3
2
6
93
19
7
5
1
24
3
2
6
4
3
6
6
13
1
3
3
6
3
6
9
4
1
4
1
4
6
3
2
6
23
3
10
15
66
4
4
3
3
3
0
3
2
10
7
3
15
5
7
1
3
16
3
5
19
29
24
5
5
5
5
6
15
0
3
7
11
2
7
5
12
11
33
1
6
8
2
6
9
8
3
3
1
5
6
8
7
7
2
4
27
3
75
0
21
17
4
1
10
1
1
2
5
7
16
4
32
1
23
9
3
2
12
2
2
3
2
3
2
12
1
1
5
6
0
6
8
1
8
2
4
14
1
11
1
5
5
5
6
5
1
5
5
5
6
5
1
5
2
2
5
3
12
1
73
1
4
4
39
3
1
23
77
3
9
8
2
