4
3
5
6
10
2
23
13
7
1
2
5
2
3
4
6
1
21
24
2
2
3
2
3
6
11
5
7
3
1
3
12
3
11
2
6
6
3
17
1
1
4
2
4
4
2
2
3
10
2
3
16
17
7
6
2
5
7
1
3
25
11
7
3
20
2
13
13
0
2
8
5
12
12
4
2
3
10
3
75
2
46
3
2
7
6
2
5
10
6
1
6
3
20
6
6
1
2
6
5
3
6
1
0
9
2
5
7
5
5
17
3
5
6
1
7
2
17
1
5
1
5
17
71
8
6
7
1
3
5
6
5
8
4
11
2
14
9
1
2
5
86
0
5
11
0
8
9
6
3
9
5
3
0
2
11
1
1
7
14
98
0
2
2
35
1
10
30
1
7
4
2
2
9
6
1
0
5
41
2
4
7
5
17
0
6
98
64
2
6
2
0
3
2
6
1
4
2
38
1
5
2
1
4
8
5
4
21
3
5
5
1
15
5
3
7
11
1
26
3
2
20
5
20
7
2
14
20
11
6
12
1
4
6
5
1
3
15
49
11
10
8
17
3
5
12
6
6
5
9
3
5
14
2
12
13
1
6
6
7
10
6
8
3
1
31
3
5
4
2
3
2
36
6
11
1
3
13
10
5
2
2
10
7
21
3
17
4
