3
2
2
3
4
3
1
43
1
10
25
4
3
3
1
3
21
4
1
3
3
11
12
10
9
2
3
10
5
5
10
11
3
10
4
3
10
13
9
0
11
4
11
5
5
5
1
7
1
8
9
4
10
3
9
17
3
11
6
7
3
4
8
9
13
4
18
5
4
20
17
9
32
9
1
9
15
15
4
14
1
4
3
8
6
1
3
3
8
4
8
6
17
7
10
4
1
26
4
14
15
5
2
12
13
1
2
5
5
7
10
27
3
1
3
2
1
9
10
48
21
3
6
9
7
5
11
8
16
7
12
5
11
4
4
6
19
2
3
14
2
27
1
7
1
9
12
5
5
7
6
7
5
11
4
5
12
9
5
4
2
14
3
41
2
2
97
1
6
3
5
0
99
2
12
6
15
1
14
6
4
3
6
1
4
6
3
1
5
5
51
1
11
11
8
1
9
1
13
17
3
5
1
6
16
99
1
5
98
12
3
4
45
4
5
11
1
20
6
3
3
20
5
99
1
52
4
13
37
4
9
5
16
2
7
8
3
6
6
8
1
4
6
5
15
99
2
5
2
3
1
3
10
1
3
39
39
27
1
3
1
6
25
30
6
1
3
2
9
12
9
3
3
3
4
5
16
0
1
5
27
80
37
3
12
8
12
3
