3
11
9
26
22
3
2
7
7
1
2
2
13
2
13
10
4
2
2
6
19
6
23
4
1
2
4
21
13
9
0
1
8
20
1
2
1
4
9
1
6
4
4
10
2
2
3
2
2
9
25
7
13
5
24
12
4
8
3
4
2
2
9
29
4
12
6
0
6
13
3
19
6
6
11
11
4
6
3
3
4
13
5
10
2
8
11
15
4
96
0
25
11
6
2
0
3
3
3
6
2
1
9
12
8
12
2
9
8
3
26
6
6
3
28
0
3
1
6
2
14
1
1
7
0
2
3
6
5
6
6
2
13
2
6
9
1
2
5
18
13
13
1
14
9
2
17
6
10
6
5
4
1
2
6
6
4
1
5
8
25
25
2
8
0
9
33
15
4
1
10
4
7
9
2
0
4
16
4
1
39
1
1
12
1
30
1
24
12
1
5
1
7
1
2
11
7
2
5
5
39
5
1
4
5
12
14
5
5
3
2
6
26
17
2
5
5
1
20
14
11
8
2
0
4
7
8
11
17
1
3
2
2
14
2
27
5
36
2
14
15
86
11
1
5
7
1
3
4
5
6
10
21
8
97
2
18
8
7
0
6
5
8
3
5
3
7
6
6
3
3
2
2
5
3
6
6
6
4
6
20
11
6
4
1
5
5
11
