8
1
6
41
12
1
4
14
6
18
8
4
1
2
4
4
4
14
1
6
6
15
3
8
1
1
3
12
0
50
9
4
1
2
18
9
11
3
3
1
2
2
18
6
4
3
8
15
3
3
2
4
3
54
17
1
2
6
6
2
4
10
3
18
2
2
2
3
10
2
1
1
12
48
3
4
5
12
13
3
1
4
6
4
5
5
9
5
2
3
12
1
11
8
14
2
6
0
2
9
9
2
8
14
9
11
4
3
17
1
5
7
2
42
39
1
3
0
6
8
11
11
15
4
13
6
12
12
5
7
1
0
5
55
2
45
8
8
3
6
1
5
5
13
54
2
15
3
2
9
5
14
2
2
2
2
2
5
5
1
2
8
2
2
14
87
0
26
12
11
18
2
1
6
95
10
4
6
65
43
0
2
3
18
44
46
3
2
95
10
0
40
4
4
1
6
76
10
2
32
54
11
15
2
0
16
2
2
10
7
10
2
57
2
11
6
12
5
3
10
3
4
0
5
5
6
1
4
5
6
9
1
6
57
34
12
7
5
8
2
15
2
3
6
3
6
3
5
5
6
4
7
4
1
1
2
6
2
90
4
24
2
1
6
1
7
5
12
5
8
0
8
11
16
1
1
2
8
38
3
14
9
2
5
5
52
4
6
