2
5
8
3
4
24
6
42
2
12
4
3
6
23
26
7
10
28
10
6
6
2
6
5
1
1
12
0
1
4
10
8
9
5
11
6
6
3
2
23
3
10
4
4
3
16
5
5
5
2
10
1
2
14
4
1
10
6
15
25
19
5
18
1
18
3
23
17
4
8
11
1
14
3
7
0
20
14
4
3
7
3
2
3
2
3
2
15
5
2
6
7
3
1
1
8
3
5
8
5
1
5
1
3
6
7
1
5
9
8
11
2
5
6
7
20
4
1
6
26
3
2
6
1
3
6
1
12
19
6
2
6
4
4
20
17
3
3
3
4
7
6
19
3
13
6
8
2
3
0
4
9
2
17
5
7
2
11
0
8
1
26
7
7
5
1
20
2
2
1
2
2
15
24
6
12
2
1
14
4
2
13
2
4
24
64
2
4
10
1
3
66
7
11
45
43
48
36
3
0
11
3
10
5
12
7
8
5
6
29
1
11
6
18
3
2
6
3
17
3
9
8
8
5
11
7
65
11
64
1
3
6
11
2
5
2
3
7
5
5
3
3
6
6
3
5
10
9
3
3
4
3
5
44
2
20
3
3
27
5
14
8
10
4
5
3
10
17
11
5
3
8
3
1
21
3
11
3
5
44
17
7
8
9
5
1
6
6
