4
2
7
4
5
65
1
3
7
94
5
43
17
7
2
6
99
6
6
1
12
67
25
5
1
6
12
26
66
3
6
96
32
66
2
2
1
5
7
8
3
7
3
28
7
33
3
3
1
3
5
3
98
3
3
4
2
2
3
5
5
1
4
3
6
6
5
9
3
9
9
8
3
12
8
6
16
19
13
1
1
12
5
3
17
18
3
3
48
5
30
4
4
2
11
6
3
9
12
3
11
11
14
6
1
25
1
13
0
11
72
10
2
3
2
1
4
70
3
7
10
2
22
5
19
70
12
6
12
7
1
6
4
3
10
21
1
97
8
6
2
2
21
3
7
5
3
12
2
97
4
6
1
2
4
5
97
42
9
1
9
6
99
3
9
10
10
52
5
6
2
7
11
5
3
13
0
6
9
99
41
3
7
11
37
4
12
3
2
96
15
42
42
15
99
20
2
5
5
5
5
1
53
4
5
9
39
2
3
22
8
4
4
2
1
2
13
3
2
8
6
2
2
26
9
55
4
13
9
5
3
1
2
5
16
6
4
6
5
7
22
95
16
1
3
1
14
2
7
14
5
0
11
5
5
14
1
3
31
1
6
13
4
2
2
5
12
3
13
10
13
29
31
6
59
3
18
3
4
4
1
15
3
3
3
12
1
2
