2
10
8
10
27
13
1
4
2
8
8
38
4
5
3
0
2
97
5
1
2
6
5
14
3
1
20
11
39
8
54
58
4
42
7
1
29
1
5
11
12
7
4
4
8
6
10
1
3
5
7
1
2
3
2
7
2
1
80
1
0
3
0
7
3
31
1
3
1
86
17
4
42
5
3
7
3
1
8
8
1
1
14
3
61
4
8
6
2
2
10
2
8
2
4
2
5
58
7
5
4
6
7
6
4
15
5
10
92
17
1
4
9
3
4
6
2
1
5
7
98
10
5
3
14
7
4
8
3
4
11
4
4
7
9
14
11
1
3
98
1
11
10
9
3
21
16
0
3
7
4
11
6
3
13
5
10
8
23
5
3
1
2
3
25
6
11
45
6
12
3
1
23
2
2
6
6
8
20
3
23
23
5
5
54
3
10
7
36
7
10
5
13
30
14
49
10
13
5
1
3
19
5
8
2
94
9
4
2
21
15
1
4
2
4
4
3
3
6
17
1
4
15
8
40
1
26
3
10
3
15
5
7
3
8
1
3
5
5
2
5
1
17
17
1
6
55
11
3
50
2
4
2
5
3
13
9
9
5
2
6
7
29
7
4
6
3
2
19
3
11
4
7
10
11
8
12
8
7
9
3
85
5
7
25
9
13
20
