4
0
3
2
22
28
11
7
18
4
2
10
5
12
9
5
1
18
2
9
2
4
52
19
2
22
5
2
70
12
15
1
0
3
9
10
1
2
3
2
29
6
3
36
36
5
11
2
3
6
8
76
8
21
2
5
7
2
11
3
15
14
3
12
3
8
4
5
3
3
1
1
1
51
3
1
1
4
1
3
1
1
18
1
4
6
10
22
1
1
1
13
2
0
4
12
4
4
4
5
2
5
7
4
7
3
64
5
15
1
5
2
5
2
2
8
5
38
2
6
10
10
7
2
2
6
3
13
1
1
6
11
3
7
2
3
7
7
6
2
5
67
3
4
5
6
7
1
0
16
33
1
1
1
3
2
3
2
5
14
1
7
4
5
21
4
0
3
7
17
12
2
3
6
4
18
1
4
51
0
1
0
4
23
13
3
7
23
5
15
1
3
8
19
28
18
5
10
11
46
2
2
2
3
7
2
8
10
0
59
2
4
0
2
6
3
13
11
6
1
4
3
5
6
4
45
4
9
6
43
6
47
8
2
12
3
1
10
2
42
5
9
3
6
51
78
5
2
10
23
7
7
9
1
4
4
1
1
1
2
2
5
2
0
1
1
10
8
55
6
17
12
1
19
8
8
3
5
55
1
6
3
12
3
4
5
27
3
