17
4
4
18
13
5
30
9
5
2
16
5
2
4
6
2
10
19
8
18
2
25
5
5
21
2
3
2
9
4
23
24
1
12
17
1
4
5
4
10
5
5
2
0
16
4
4
5
5
3
15
4
1
3
26
7
33
24
11
5
8
0
2
11
1
8
27
3
1
6
7
6
10
3
3
1
6
3
4
11
12
10
6
1
7
7
12
9
13
0
5
14
8
5
7
95
5
9
2
6
7
2
8
9
2
9
2
2
8
4
5
3
9
12
24
6
3
2
6
5
3
12
6
6
2
3
6
1
4
1
3
6
14
6
2
4
6
2
10
8
4
5
5
4
9
1
84
1
8
1
3
2
19
0
8
18
2
2
1
5
2
5
2
86
1
2
1
0
64
6
10
1
17
3
5
2
2
1
2
1
0
1
53
1
18
10
8
8
3
11
2
9
27
2
7
19
3
14
21
2
22
3
4
7
3
2
7
5
47
8
8
38
4
16
8
11
11
7
8
3
9
2
11
9
0
4
20
3
7
9
3
11
6
7
1
2
5
5
7
13
2
0
10
47
7
20
7
2
1
4
5
3
7
2
6
4
1
31
3
1
4
10
2
3
13
37
7
5
2
15
6
5
2
27
22
7
9
8
1
4
4
98
3
6
6
5
2
11
