12
14
10
5
12
4
3
0
2
28
2
1
6
2
9
7
8
41
28
33
25
6
3
12
2
1
14
12
11
2
6
1
10
11
1
11
45
2
1
11
9
2
8
7
6
3
0
3
10
1
5
3
6
7
3
10
5
2
16
8
6
3
26
8
1
5
17
2
17
76
4
96
26
86
7
48
96
13
1
3
8
6
5
5
6
24
1
6
7
16
2
6
1
8
11
10
2
1
2
14
2
6
3
12
2
8
12
16
7
6
31
13
4
6
1
0
47
8
8
6
6
10
5
9
11
2
2
1
11
3
4
6
1
48
9
6
48
10
6
6
2
8
14
13
5
4
5
7
0
10
7
28
80
25
2
5
17
11
9
1
30
8
3
8
9
7
19
8
2
2
6
2
3
4
47
11
20
8
0
8
27
37
3
4
1
11
52
6
3
5
4
12
11
12
13
5
3
7
3
23
3
3
7
2
29
3
1
7
6
5
8
3
2
5
66
10
3
7
2
4
2
2
1
1
2
31
6
1
21
27
3
6
5
0
5
3
84
7
3
12
11
3
59
9
34
3
9
2
33
18
1
6
3
93
10
2
3
2
10
2
1
14
5
2
7
2
1
3
8
3
2
19
12
9
0
37
7
4
2
10
5
5
5
3
6
24
1
3
