23
1
1
9
20
2
46
11
3
16
7
7
41
4
14
52
0
2
3
9
5
59
46
5
4
6
5
7
6
56
16
13
7
8
11
2
6
4
3
12
6
23
9
68
12
1
1
1
2
7
6
5
1
6
4
8
11
68
11
3
4
5
10
1
3
2
6
2
10
15
8
7
53
93
0
2
1
16
6
1
7
5
2
0
0
0
0
2
9
4
1
4
3
13
10
7
1
8
4
12
65
95
76
65
79
61
4
2
8
12
6
1
3
6
4
2
4
1
55
6
6
4
74
3
10
46
5
8
12
5
11
3
18
8
49
5
10
7
6
3
7
4
0
3
1
10
53
14
5
7
6
3
0
14
12
5
7
2
0
1
1
42
3
6
13
5
2
3
2
3
2
5
6
3
12
2
5
4
11
11
8
53
2
1
2
18
5
9
4
10
0
7
18
4
1
6
61
11
4
8
1
10
6
29
0
6
3
1
1
8
2
29
6
35
30
30
32
35
29
4
1
36
3
7
2
3
6
3
2
40
1
7
7
3
5
11
1
12
6
13
3
10
4
1
6
4
14
1
44
3
7
3
6
1
17
12
16
3
4
1
8
2
0
8
11
4
6
1
7
13
1
6
92
3
1
1
10
8
2
0
27
2
8
7
10
12
8
7
