16
4
5
1
16
26
1
1
8
3
8
5
0
6
14
2
17
2
0
2
3
5
2
6
50
5
1
4
2
6
7
12
4
30
7
2
26
3
19
4
1
3
4
8
23
2
61
8
3
4
1
1
54
1
7
7
4
5
1
53
3
9
42
3
4
4
1
0
7
7
52
5
1
1
50
5
9
5
1
8
0
61
5
67
2
3
5
8
1
7
3
8
4
4
9
1
1
5
39
4
1
12
9
42
15
1
3
15
11
4
3
1
16
8
1
2
8
1
2
11
11
9
8
6
1
2
16
4
11
1
54
3
6
1
1
5
16
61
4
5
15
13
2
4
3
36
4
3
3
6
9
1
5
2
3
10
1
6
4
6
3
7
6
98
3
5
24
5
5
9
59
1
4
10
7
10
6
4
20
5
5
18
3
57
8
11
19
2
4
6
9
2
2
2
23
22
1
13
5
1
9
13
7
88
6
13
6
6
1
0
7
7
1
5
5
6
13
1
13
5
7
1
2
2
6
12
1
2
6
2
53
5
10
5
6
10
10
3
3
6
3
35
92
53
11
4
12
3
3
2
2
53
2
50
9
1
1
1
0
3
3
17
5
8
1
4
1
3
6
56
1
52
2
13
3
0
31
2
11
2
1
8
1
3
3
4
5
4
