2
1
2
2
1
97
3
4
5
22
5
43
19
6
57
6
6
6
3
3
2
2
1
4
84
3
3
3
12
1
8
1
2
4
35
32
6
2
2
14
1
7
5
7
1
6
8
6
6
6
1
4
3
6
16
9
36
1
15
6
4
49
6
18
9
1
2
18
6
1
3
12
4
10
54
5
1
19
5
3
13
1
9
11
14
12
97
2
7
11
10
6
5
8
3
19
1
0
5
12
5
11
1
2
2
2
5
1
0
1
10
10
7
1
3
24
7
1
4
8
22
3
3
1
88
11
15
2
6
5
10
1
4
7
3
10
3
0
3
5
1
3
2
28
3
4
4
6
6
35
4
13
4
7
10
5
2
2
1
1
61
2
12
1
10
25
3
7
96
4
3
2
17
10
1
5
10
1
39
4
1
2
7
2
5
1
6
4
15
2
19
61
11
14
5
8
6
39
8
2
5
4
9
3
12
3
3
5
6
3
2
55
14
6
1
16
13
5
4
5
12
2
22
5
9
9
3
6
11
4
2
5
3
13
8
7
7
6
1
5
9
26
13
5
5
1
8
11
2
25
10
2
19
5
12
6
6
6
2
21
4
17
8
6
1
7
5
1
5
5
3
1
4
11
2
1
9
11
55
2
5
6
10
9
5
14
3
3
