4
7
5
0
6
9
4
57
23
11
1
2
0
11
2
4
2
1
9
10
9
11
6
13
2
5
2
3
5
8
11
7
35
13
28
5
4
4
6
14
2
7
10
15
10
2
20
2
33
1
97
4
3
9
6
6
16
12
2
13
8
9
1
1
6
13
6
7
3
2
4
7
2
11
2
3
7
2
7
2
4
65
3
10
3
1
9
4
4
6
52
1
9
3
7
1
13
6
3
7
8
15
2
4
6
11
25
6
2
12
2
3
1
6
0
6
3
7
6
6
6
3
4
3
3
4
0
5
6
49
2
13
7
4
5
3
10
87
4
6
3
6
3
3
1
11
36
1
1
5
2
5
2
8
10
12
1
5
5
4
1
8
8
77
6
2
5
3
20
3
59
6
4
12
4
5
2
59
1
2
4
21
5
14
5
4
20
1
3
27
10
3
11
10
11
15
9
3
3
1
7
4
1
1
14
6
5
11
6
7
15
1
22
14
8
3
11
2
3
50
3
7
7
7
11
5
3
3
3
7
88
7
34
5
2
1
7
2
12
5
6
3
1
1
1
23
25
5
7
5
2
6
12
3
1
1
2
14
1
9
0
6
15
5
3
8
15
2
9
2
5
3
5
5
10
2
5
9
6
2
2
7
25
30
2
8
3
0
