11
32
3
3
15
4
47
3
2
4
0
4
22
66
4
12
8
2
1
2
3
2
3
3
5
4
7
0
6
3
17
2
3
7
3
3
12
4
4
1
84
3
20
5
3
7
36
1
3
2
4
2
15
4
1
1
6
1
0
14
4
59
4
2
15
8
1
4
8
2
25
2
5
3
16
2
55
5
7
24
6
2
2
10
12
6
4
19
4
49
11
13
1
6
95
37
31
6
2
12
3
19
4
4
5
5
1
6
4
13
4
8
3
7
10
17
5
11
9
12
52
13
7
11
3
2
3
6
2
12
7
7
70
5
6
9
2
1
2
5
4
11
0
1
9
2
6
9
0
1
1
3
13
47
38
8
11
1
7
0
1
3
0
7
2
5
97
8
59
13
5
5
7
1
10
1
2
8
7
1
5
9
12
5
46
1
4
19
1
14
16
2
0
4
3
2
11
1
3
52
14
7
1
20
2
2
13
11
39
61
36
10
4
7
13
5
5
15
3
33
3
2
1
1
2
5
2
4
47
6
7
4
8
3
1
7
16
5
3
53
3
2
11
15
3
8
4
1
1
9
27
2
2
3
4
5
1
3
5
6
12
3
8
7
3
26
12
2
42
76
6
7
8
5
2
12
2
2
7
6
3
10
2
7
89
1
5
7
