58
10
33
1
16
4
4
3
6
93
17
3
8
5
4
68
3
2
3
6
10
92
21
4
3
3
9
14
8
4
3
5
7
8
11
9
3
3
13
2
33
1
8
1
4
3
3
3
22
4
8
1
18
3
3
11
25
2
11
3
9
8
4
17
9
28
9
9
4
4
14
7
45
16
3
4
32
13
3
4
3
11
4
1
5
9
9
15
1
4
3
11
14
12
11
38
6
7
7
3
6
4
22
6
1
18
5
5
98
2
1
7
4
11
97
1
6
4
15
23
16
1
10
1
15
1
1
6
7
3
15
13
15
6
10
3
3
1
8
6
62
11
8
3
11
10
71
69
0
6
16
5
7
3
7
3
5
1
7
7
3
4
31
3
12
2
6
13
0
1
2
2
9
54
2
2
5
3
6
41
10
3
2
4
9
22
3
99
8
7
6
39
42
5
3
1
2
3
9
4
3
25
63
9
1
5
50
22
11
3
45
5
2
8
5
3
99
7
8
4
7
3
2
7
53
41
43
3
2
5
9
12
2
9
5
51
14
28
5
12
6
1
10
7
22
9
30
38
39
2
1
3
3
3
2
4
6
35
1
9
8
5
2
11
10
4
3
7
24
3
1
10
10
31
10
2
7
1
13
1
4
4
35
21
34
5
23
23
