8
2
4
1
17
13
3
2
10
24
11
6
2
8
7
3
6
5
2
6
5
7
6
22
2
22
11
5
2
26
13
0
13
18
10
3
3
18
5
7
3
7
11
7
6
5
1
6
1
3
7
5
6
1
2
41
0
16
20
0
7
16
6
3
5
6
2
14
7
2
9
21
6
10
4
9
6
19
16
6
1
97
6
3
1
6
6
4
6
5
12
2
5
6
3
7
2
0
6
1
4
10
2
4
4
38
13
5
5
5
9
5
14
12
5
3
5
17
0
84
8
1
2
1
3
12
2
4
15
2
4
6
7
5
1
3
5
5
10
5
11
12
11
5
4
5
4
5
8
6
4
3
7
16
2
6
1
11
60
4
2
16
0
1
8
6
1
2
61
1
0
5
8
12
2
7
64
2
7
5
17
0
0
3
5
5
15
3
3
6
5
2
1
3
0
5
1
1
61
40
3
11
3
5
3
6
11
2
1
1
20
1
1
43
5
1
26
39
2
6
3
7
26
51
2
3
6
2
1
8
48
2
11
5
3
2
0
12
6
11
3
26
0
10
0
7
6
7
13
47
3
6
11
0
21
6
7
20
2
1
5
3
3
12
4
8
4
1
20
1
5
5
4
5
8
7
9
3
3
15
7
3
8
5
2
4
2
5
