1
21
12
6
6
11
7
7
7
0
1
6
4
4
13
2
5
6
8
9
14
27
12
6
9
1
5
1
17
6
23
4
2
17
3
4
3
5
2
4
5
7
1
27
2
3
2
1
19
22
15
11
2
3
6
2
21
2
7
10
5
14
6
8
2
89
3
30
9
4
17
5
5
18
2
75
1
4
1
3
0
2
2
11
12
16
12
13
11
64
2
6
2
5
8
2
52
1
0
2
32
6
4
1
2
9
4
6
8
1
6
1
3
10
31
6
1
12
14
10
4
13
3
2
1
3
11
1
6
59
20
9
11
6
1
2
1
6
2
2
29
9
2
12
4
3
1
2
9
4
1
1
2
6
37
0
0
2
6
0
3
6
57
7
2
9
2
41
1
4
3
16
0
5
2
2
9
7
7
1
3
7
2
1
6
5
4
5
32
1
13
13
4
5
11
4
3
17
2
10
0
3
15
15
14
1
2
95
18
59
1
2
2
5
2
7
7
22
2
2
9
1
59
80
1
22
1
5
2
6
34
7
26
3
12
2
61
11
3
10
2
5
3
16
5
55
1
55
2
10
3
2
8
5
11
6
2
1
0
6
5
0
8
2
3
0
3
2
11
13
7
2
2
3
5
16
7
8
2
5
13
0
3
4
38
1
10
2
