2
6
4
4
1
6
2
0
13
13
23
2
4
7
2
13
23
4
3
2
6
8
2
10
10
4
0
6
5
7
1
11
3
7
18
10
10
2
4
2
5
10
3
4
11
5
2
9
8
1
10
3
4
7
6
0
9
8
22
12
5
4
17
36
3
58
2
5
3
1
18
16
2
56
12
2
6
9
1
1
3
2
12
36
1
41
6
1
1
4
9
14
3
5
85
3
22
54
1
1
6
1
1
8
4
2
11
4
2
50
12
11
3
5
6
22
5
4
1
3
1
3
6
1
21
5
65
16
14
6
4
1
42
1
2
4
9
2
5
2
9
26
5
3
6
6
2
47
14
1
21
8
5
2
5
4
7
3
1
12
6
7
0
2
1
39
6
4
12
21
2
6
2
0
5
2
1
1
5
3
2
4
0
3
21
0
39
2
2
3
1
8
31
10
5
1
2
9
4
1
6
0
0
1
2
7
3
4
11
1
3
8
4
6
17
13
3
22
5
10
4
1
5
2
15
8
2
2
3
1
8
33
6
1
1
10
12
1
2
4
6
1
2
7
71
6
2
0
3
5
12
6
2
12
3
4
10
1
1
1
7
6
56
10
6
7
5
1
9
1
4
3
2
7
1
95
6
10
4
43
3
2
7
36
9
3
15
0
