4
7
2
9
2
15
12
2
2
43
2
5
9
1
3
1
2
7
3
1
3
2
2
19
3
9
7
2
3
5
15
2
12
2
17
6
3
1
3
1
9
2
3
8
3
1
1
11
2
36
16
17
2
7
8
8
6
5
4
6
11
2
13
8
30
2
3
6
1
9
1
1
7
6
5
8
12
59
2
7
4
9
8
6
8
7
1
4
3
2
48
4
3
9
0
1
3
13
5
4
1
2
6
3
11
0
6
12
0
2
1
5
6
2
2
79
36
11
5
13
3
4
3
3
6
12
9
6
3
2
5
4
5
13
8
1
1
7
15
4
7
6
6
12
21
5
6
1
9
7
5
19
6
2
21
2
13
2
2
1
12
2
3
1
2
4
7
0
5
9
16
6
3
2
5
5
16
7
2
5
3
1
1
50
1
46
0
5
7
59
3
6
7
1
13
20
1
3
4
3
3
16
4
1
13
47
1
3
1
5
35
1
10
9
0
5
49
16
7
4
1
5
34
7
4
13
5
1
3
8
51
6
3
5
3
3
11
5
1
5
10
38
11
3
12
3
7
14
6
52
1
9
3
8
15
19
5
8
11
5
11
7
4
3
11
2
0
3
3
5
10
7
15
1
14
2
4
4
3
7
6
2
54
6
13
7
3
3
