4
5
9
3
12
0
2
1
7
1
5
2
8
1
11
2
2
1
0
1
3
4
2
5
4
9
19
6
7
4
3
4
12
6
6
6
3
4
13
3
3
1
2
13
2
21
1
3
1
2
89
2
11
9
3
7
9
2
15
11
6
2
14
4
1
17
7
1
0
1
89
18
1
1
3
7
1
2
21
1
15
21
6
2
5
12
3
3
11
15
6
11
0
2
2
1
2
3
36
14
6
14
24
2
3
2
8
7
1
14
3
1
5
2
5
11
36
7
1
4
6
3
8
6
9
4
4
6
4
6
0
1
0
1
3
4
2
2
4
2
1
28
22
8
6
5
1
3
3
6
2
12
33
23
10
1
2
24
21
4
1
8
7
1
54
1
23
10
3
11
3
13
2
1
81
2
7
1
7
19
7
22
3
1
1
7
1
0
6
21
5
37
10
7
5
9
67
19
2
10
6
2
28
19
4
29
2
13
15
15
1
12
3
2
1
21
11
9
11
6
10
3
7
1
13
4
0
6
2
5
60
1
2
1
5
2
9
2
0
6
1
8
1
5
4
2
1
9
14
3
10
4
39
10
2
1
5
42
5
2
8
8
8
1
1
90
2
5
96
5
6
7
2
1
51
1
4
1
8
9
8
1
5
2
17
4
4
14
