16
87
4
5
3
10
9
5
24
23
1
4
0
27
9
1
1
2
4
1
3
10
38
5
6
1
2
23
9
1
2
19
5
17
13
26
10
12
35
13
5
3
12
21
6
9
11
0
4
2
10
1
10
14
5
3
5
21
8
8
6
4
1
6
2
1
7
3
6
1
5
8
11
13
6
5
9
3
1
1
24
5
9
9
75
81
0
8
4
5
0
4
7
6
11
6
1
3
6
15
80
1
2
6
9
6
3
5
3
5
1
1
8
2
6
0
0
16
8
12
3
4
22
2
6
9
6
1
0
3
6
2
8
16
1
3
3
2
54
5
0
32
10
5
4
5
2
5
3
7
2
2
3
3
10
12
0
16
7
17
6
9
6
9
10
5
2
7
5
25
1
6
98
9
13
2
61
4
4
1
7
4
41
6
5
4
5
5
1
1
7
6
8
5
3
2
87
9
5
5
55
26
12
12
18
6
3
7
6
5
13
5
47
1
9
3
17
27
15
2
4
5
15
13
2
2
42
1
12
5
1
9
12
15
3
12
12
4
29
10
4
8
7
7
10
5
53
6
12
14
6
9
12
7
3
5
6
8
4
5
6
1
7
6
7
7
1
1
2
10
3
21
19
16
14
1
14
7
3
8
9
12
9
8
3
3
3
7
