3
4
16
9
35
2
1
4
4
4
4
9
7
2
1
9
10
8
7
1
6
14
2
4
15
4
5
16
30
2
2
4
8
5
47
3
3
15
5
37
16
1
8
1
2
5
8
9
1
1
8
10
6
1
3
3
4
52
5
3
4
10
4
3
66
8
4
4
7
1
2
11
2
16
5
2
1
1
11
2
6
2
4
10
10
9
2
6
5
2
5
6
4
2
7
2
2
7
2
5
1
2
12
1
1
11
2
6
2
5
10
4
1
4
19
2
0
5
3
33
4
1
55
10
1
3
6
4
4
6
14
2
2
7
11
3
67
2
8
9
12
2
6
2
12
5
1
4
10
35
2
1
9
29
21
6
9
2
5
3
11
3
0
1
6
5
4
32
4
44
1
2
1
4
9
1
11
30
1
1
87
48
44
3
8
54
9
1
8
1
11
29
10
1
1
5
3
51
6
5
8
16
0
4
27
32
6
2
8
11
6
23
1
3
8
6
4
1
21
4
2
5
9
0
4
7
4
11
2
8
6
4
1
53
10
3
13
16
4
17
12
4
8
3
4
6
4
8
1
1
6
11
5
1
4
5
24
9
2
3
5
6
2
7
3
2
45
3
12
3
7
5
6
8
2
20
2
1
5
1
4
13
3
3
12
3
2
2
