42
6
17
0
4
2
2
5
1
11
10
9
6
1
23
6
0
28
3
4
8
47
3
3
18
5
23
2
4
13
2
3
3
3
19
5
9
9
20
9
2
23
2
2
2
2
1
2
4
9
8
2
1
1
2
98
12
14
6
4
7
26
13
8
14
20
11
2
12
3
6
5
5
8
3
32
7
4
3
5
31
6
4
6
3
5
1
9
11
5
10
10
1
3
0
7
4
5
19
6
4
9
4
6
6
1
2
15
4
8
10
5
3
2
19
17
5
48
6
5
4
3
8
6
11
6
12
8
5
11
1
4
1
1
10
3
6
3
21
5
6
4
7
97
4
2
9
6
1
1
16
2
1
8
25
6
2
2
55
6
27
7
7
5
43
3
4
4
3
2
14
25
2
1
5
1
8
2
11
6
2
14
17
1
9
4
15
12
59
8
29
65
28
25
5
26
7
2
20
5
9
1
2
12
1
13
3
6
3
3
9
6
2
1
0
5
2
4
7
97
3
3
11
74
6
13
7
53
3
3
5
1
8
11
4
2
6
5
18
2
2
33
5
8
5
7
5
1
3
9
1
1
29
13
3
55
5
6
1
12
11
7
2
1
15
9
10
32
6
5
9
2
7
10
9
8
3
6
4
6
50
3
3
1
1
2
50
1
