0
13
7
1
6
15
10
4
68
22
11
0
1
27
0
4
2
12
10
13
11
12
3
2
12
2
8
3
18
11
3
4
6
6
3
13
11
2
11
4
11
5
9
1
5
2
19
2
7
5
4
1
5
6
4
2
3
10
1
7
7
42
1
20
8
2
2
1
5
2
2
11
1
1
7
8
9
4
7
8
74
68
8
5
11
2
5
5
24
7
14
7
2
3
28
88
11
1
53
1
4
17
56
10
7
7
12
3
19
6
15
4
1
3
3
2
47
3
36
1
3
6
14
1
99
6
12
6
1
9
1
13
6
1
6
12
7
3
6
6
3
1
6
5
35
2
6
1
12
5
12
78
10
7
74
30
7
8
9
1
3
2
6
1
7
4
9
19
5
58
54
8
35
4
18
20
11
5
5
2
12
1
19
5
6
5
5
9
8
5
14
5
2
7
11
2
21
1
1
13
9
27
2
22
5
3
2
2
3
4
1
2
3
13
7
3
86
98
1
9
8
3
21
10
4
1
2
6
3
7
4
8
7
7
21
5
2
84
9
9
6
1
5
2
1
7
3
3
0
1
13
1
1
3
22
10
2
11
1
2
11
8
2
7
6
8
7
3
4
78
10
25
8
7
10
11
10
4
3
3
5
1
3
1
2
42
15
5
