1
4
0
7
5
1
4
3
10
1
2
3
9
10
3
9
66
7
27
9
5
13
12
2
6
4
1
24
2
2
1
3
36
1
1
2
6
6
9
28
10
11
5
22
3
7
5
9
16
2
6
3
43
4
4
44
29
9
97
25
97
1
2
47
18
96
9
1
1
8
3
99
4
1
4
9
7
3
4
1
27
4
39
0
16
3
4
8
4
11
2
3
6
9
9
3
6
3
5
8
3
3
36
9
1
18
4
97
9
4
6
13
6
15
1
12
45
20
10
15
2
12
0
24
6
4
1
8
6
10
8
4
11
5
10
4
9
4
89
3
5
0
8
10
2
5
22
12
3
2
95
6
65
4
11
8
5
11
4
3
3
26
6
10
6
11
3
5
2
0
9
6
6
15
7
68
7
3
2
3
5
5
92
1
42
1
1
10
99
5
11
6
7
13
6
7
1
5
41
3
7
3
2
47
7
20
6
51
40
2
4
48
11
91
59
4
1
2
55
13
2
11
8
10
5
20
1
20
7
27
2
9
31
6
4
3
52
6
5
3
52
6
17
2
2
90
6
4
38
2
3
5
1
38
11
3
2
27
5
1
13
6
5
2
1
12
7
3
5
14
8
5
6
8
14
14
10
15
6
4
4
5
13
2
2
2
40
6
