9
2
6
2
6
4
5
13
5
46
46
22
9
2
2
2
2
6
3
7
4
11
12
6
6
12
3
2
6
4
38
2
23
1
1
26
3
9
4
8
8
2
4
1
6
7
1
6
10
3
5
1
2
6
3
1
8
5
3
1
42
3
1
3
3
2
1
2
5
2
0
4
4
6
14
4
2
2
13
13
5
79
2
3
87
6
4
8
3
6
30
56
1
2
4
2
13
5
83
11
26
97
6
6
95
6
7
2
6
38
7
6
2
1
2
7
3
3
92
5
12
6
3
2
51
3
6
1
6
1
6
3
2
5
2
10
7
10
2
4
1
63
11
6
4
8
9
1
10
5
13
1
92
5
12
25
37
3
2
5
12
4
3
3
7
50
5
6
5
4
14
12
3
5
3
49
9
1
2
5
7
17
2
4
2
7
37
1
15
3
70
2
6
34
1
6
5
8
2
3
2
4
3
4
5
4
15
6
4
1
9
8
3
1
1
3
14
8
32
0
12
7
4
1
5
3
9
4
1
13
8
5
5
3
1
24
11
86
3
0
6
1
0
0
1
15
2
5
13
4
1
17
3
2
2
7
7
3
7
37
2
9
1
17
3
19
1
4
11
2
2
5
3
2
6
12
11
2
29
1
5
4
1
24
5
6
11
7
