5
1
5
20
3
1
4
6
7
10
11
2
6
3
5
17
85
2
2
4
3
4
17
7
7
5
27
18
15
7
12
22
3
3
13
8
7
5
4
3
3
4
7
5
5
2
11
3
1
50
11
8
5
4
3
14
9
59
13
5
9
35
4
26
8
14
40
7
1
7
6
11
2
1
6
2
49
6
10
0
5
5
2
5
10
5
6
10
3
1
2
12
11
11
8
3
8
10
8
21
5
12
5
3
8
5
18
3
12
9
1
17
6
7
17
5
1
13
5
7
6
5
9
6
2
0
2
14
9
7
11
5
1
8
1
34
2
51
5
3
7
5
7
1
3
6
5
7
33
2
2
1
2
8
7
4
4
11
7
3
3
8
25
2
2
12
39
16
41
2
10
2
46
5
3
3
1
32
1
2
98
1
1
3
1
6
5
5
92
3
13
2
41
1
8
1
11
6
3
2
2
2
2
13
5
2
5
5
8
63
5
23
6
8
7
0
2
1
3
4
4
15
45
1
3
6
0
7
5
11
5
7
9
2
5
8
5
50
5
1
3
7
28
11
11
7
2
7
4
7
12
2
8
5
7
13
5
3
0
7
6
15
1
1
8
8
5
6
1
2
4
16
12
3
11
6
31
0
2
5
5
6
7
5
98
90
16
6
