0
2
13
12
6
4
13
4
53
17
3
10
3
6
6
1
7
9
11
0
21
6
4
6
1
0
25
4
2
1
3
6
6
5
5
2
10
9
3
1
1
13
6
5
9
9
8
3
6
4
5
12
7
6
3
4
3
5
11
51
8
3
10
2
0
3
4
16
2
5
6
3
3
19
12
7
6
3
1
7
2
18
3
8
7
11
12
72
5
1
3
10
1
6
10
3
9
13
2
6
8
8
3
13
3
5
10
7
3
17
0
7
10
0
6
6
17
3
4
13
1
50
1
13
5
9
1
1
1
6
6
6
7
3
3
2
3
3
1
7
2
3
4
1
4
3
7
28
25
98
6
5
10
2
1
36
20
7
12
10
4
24
19
1
59
7
5
3
0
4
1
3
5
6
13
3
8
2
24
2
1
2
2
5
24
2
7
14
2
2
11
0
3
9
1
42
2
4
1
5
2
3
11
19
5
39
9
3
26
34
7
7
12
7
5
31
8
2
1
7
2
6
14
1
2
1
1
4
2
9
12
3
3
35
7
4
9
13
1
11
8
7
12
26
2
5
2
6
36
3
11
4
22
8
4
4
2
3
5
12
11
11
6
13
12
3
2
2
5
10
6
8
4
6
2
8
5
0
8
10
6
5
3
11
4
2
13
8
