12
6
2
20
8
1
53
1
5
2
9
7
6
12
9
8
14
27
2
5
2
4
3
3
8
8
3
13
3
1
6
1
36
1
2
2
5
13
2
9
3
3
12
2
2
3
1
1
9
12
7
6
4
6
7
1
1
2
1
9
1
10
6
1
2
0
1
5
4
11
1
3
7
1
9
8
9
9
4
5
4
53
52
1
9
4
2
1
4
9
10
1
2
3
16
15
3
5
13
9
55
7
16
14
1
2
37
8
9
6
10
3
37
0
5
6
2
2
6
3
2
5
2
3
5
0
1
5
1
13
1
13
10
3
2
2
1
8
2
1
3
7
3
3
7
13
8
2
7
1
4
14
9
1
11
6
1
7
1
6
5
0
1
34
2
4
2
11
39
7
2
67
4
3
4
1
0
6
3
4
5
77
5
2
5
14
8
13
0
2
7
1
4
5
2
5
11
6
4
5
2
7
10
3
6
98
12
22
2
9
1
1
5
8
7
1
22
9
8
1
12
6
6
21
17
23
5
9
23
7
2
1
19
3
14
71
2
1
4
6
4
8
4
1
1
12
7
9
2
3
2
1
4
1
1
11
12
28
48
3
1
16
4
2
12
0
64
2
21
79
5
18
1
15
4
2
7
11
7
3
5
7
3
4
11
2
94
3
