4
6
2
4
7
24
67
3
1
3
2
2
9
17
7
2
5
4
3
8
3
23
1
5
10
6
19
20
3
14
2
3
1
9
33
4
2
6
14
7
8
9
5
3
1
6
6
33
10
3
6
8
11
6
1
12
23
3
9
2
1
2
2
6
7
10
3
21
6
16
7
6
5
3
2
1
2
7
8
13
13
8
1
15
4
5
6
2
11
3
18
1
6
12
4
3
3
6
5
9
4
3
4
6
5
9
8
3
8
8
4
14
1
1
18
6
6
14
3
1
2
3
3
6
0
4
1
6
10
1
5
13
0
6
9
4
4
6
32
84
9
11
6
14
5
4
8
6
8
8
17
1
13
5
2
5
5
2
14
1
0
9
5
2
8
3
6
8
10
3
1
5
18
3
15
2
1
1
7
5
3
3
8
8
2
12
3
7
13
8
3
1
4
6
15
7
2
14
3
6
2
5
3
7
8
8
3
1
1
4
10
7
3
4
8
2
8
8
2
20
49
5
8
10
1
3
3
2
0
47
9
23
6
15
8
9
5
2
1
3
3
1
9
1
33
1
6
7
7
6
7
1
5
12
41
3
7
6
3
11
1
6
11
5
15
3
4
6
1
6
20
2
2
12
2
3
0
3
11
96
6
10
11
21
6
8
1
1
