4
18
3
17
8
15
4
7
4
3
61
2
3
11
3
5
14
11
2
5
0
4
2
2
10
22
5
10
7
4
90
2
3
2
4
3
8
3
22
9
5
8
7
6
29
4
4
6
4
1
1
9
3
10
24
2
38
0
4
3
3
9
9
0
2
3
2
4
4
3
1
4
3
9
5
3
12
11
10
1
1
6
2
50
3
1
1
3
3
4
3
2
3
18
16
3
6
5
51
17
4
13
3
5
10
0
1
5
2
13
4
23
3
2
2
1
22
4
9
14
97
10
1
36
5
1
97
8
3
1
9
31
3
5
13
12
4
11
3
3
2
2
58
0
90
51
2
9
3
0
1
73
6
3
7
1
2
5
8
2
1
1
2
2
22
6
7
7
2
1
13
1
3
0
2
3
5
5
1
0
1
1
41
12
8
3
20
3
3
44
55
5
7
42
12
6
3
7
5
6
5
64
2
5
47
8
54
4
2
5
16
52
9
2
5
3
0
4
25
2
4
8
3
1
3
7
27
1
9
4
52
3
26
2
13
34
5
6
31
4
9
8
5
2
2
1
43
46
19
3
32
4
2
4
3
8
13
2
10
30
6
37
6
23
19
16
1
1
3
10
7
5
5
1
7
3
4
3
5
4
3
4
49
5
77
5
10
32
