2
8
82
4
68
66
4
6
0
2
5
7
10
2
7
3
1
7
1
3
66
1
14
2
3
5
15
5
2
4
7
2
4
5
42
9
6
3
4
15
10
1
3
1
4
7
3
2
5
5
5
5
7
24
11
10
14
4
8
9
8
4
12
7
5
2
1
11
24
1
3
45
9
24
9
4
1
10
5
6
91
11
9
4
1
8
13
2
6
27
5
3
9
11
25
3
14
3
12
79
1
3
5
6
1
5
1
13
43
1
4
2
13
7
20
7
13
52
10
8
3
40
3
3
5
20
1
1
12
9
7
2
9
4
2
2
5
12
2
12
2
5
3
12
60
11
3
1
12
3
6
7
1
14
2
11
3
0
12
2
5
4
2
1
2
99
15
2
5
6
13
41
4
1
5
5
7
14
99
5
10
8
3
1
6
2
5
3
5
9
6
13
9
24
3
2
1
2
8
43
2
34
10
10
1
8
7
1
1
22
2
6
1
2
49
2
4
4
21
1
4
4
5
8
60
2
10
3
15
10
3
18
15
3
5
30
4
2
16
17
65
9
1
9
5
7
5
10
6
6
3
39
3
8
33
7
3
4
7
2
32
3
3
1
3
11
7
1
10
3
11
20
4
5
3
4
1
13
40
12
6
2
3
2
4
3
3
16
